kernel line : count latency dram_traffic smem_bk_conflicts smem_warp gmem_access_generated gmem_warp exposed_latency warp_divergence
ispass-2009-NN.5.sm_62.ptx 732 : 256 1842 0 0 0 0 0 0 0 
ispass-2009-NN.5.sm_62.ptx 731 : 256 1873 0 0 0 0 0 0 0 
ispass-2009-NN.5.sm_62.ptx 730 : 256 1845 0 0 0 0 0 0 0 
ispass-2009-NN.5.sm_62.ptx 729 : 256 1826 0 0 0 0 0 0 0 
ispass-2009-NN.5.sm_62.ptx 728 : 256 2102 0 0 0 0 0 0 0 
ispass-2009-NN.5.sm_62.ptx 727 : 256 1867 0 0 0 0 0 0 0 
ispass-2009-NN.5.sm_62.ptx 726 : 256 1831 0 0 0 0 0 0 0 
ispass-2009-NN.5.sm_62.ptx 725 : 256 1873 0 0 0 0 0 0 0 
ispass-2009-NN.5.sm_62.ptx 738 : 280 3106 0 0 0 0 0 0 0 
ispass-2009-NN.5.sm_62.ptx 737 : 280 1981 0 0 0 0 0 0 0 
ispass-2009-NN.5.sm_62.ptx 724 : 256 1546 0 0 0 0 0 0 0 
ispass-2009-NN.5.sm_62.ptx 722 : 256 8831 0 0 0 0 0 0 0 
ispass-2009-NN.5.sm_62.ptx 736 : 280 5491 0 0 0 0 0 0 0 
ispass-2009-NN.5.sm_62.ptx 720 : 256 1855 0 0 0 0 0 0 0 
ispass-2009-NN.5.sm_62.ptx 719 : 256 1559 0 0 0 0 0 0 0 
ispass-2009-NN.5.sm_62.ptx 735 : 280 1989 0 0 0 0 0 0 0 
ispass-2009-NN.5.sm_62.ptx 718 : 256 10457 0 0 0 0 0 0 0 
ispass-2009-NN.5.sm_62.ptx 717 : 256 9753 0 0 0 0 0 0 0 
ispass-2009-NN.5.sm_62.ptx 716 : 256 2601 0 0 0 0 0 0 0 
ispass-2009-NN.5.sm_62.ptx 706 : 24 151 0 0 0 0 0 0 0 
ispass-2009-NN.5.sm_62.ptx 705 : 24 174 0 0 0 0 0 0 0 
ispass-2009-NN.5.sm_62.ptx 715 : 256 1902 0 0 0 0 0 0 0 
ispass-2009-NN.5.sm_62.ptx 714 : 256 1649 0 0 0 0 0 0 0 
ispass-2009-NN.5.sm_62.ptx 704 : 24 202 0 0 0 0 0 0 0 
ispass-2009-NN.5.sm_62.ptx 713 : 256 1911 0 0 0 0 0 0 0 
ispass-2009-NN.5.sm_62.ptx 703 : 24 269 0 0 0 0 0 0 0 
ispass-2009-NN.5.sm_62.ptx 702 : 24 199 0 0 0 0 0 0 0 
ispass-2009-NN.5.sm_62.ptx 712 : 256 1668 0 0 0 0 0 0 0 
ispass-2009-NN.5.sm_62.ptx 711 : 256 1878 0 0 0 0 0 0 0 
ispass-2009-NN.5.sm_62.ptx 701 : 24 244 0 0 0 0 0 0 0 
ispass-2009-NN.5.sm_62.ptx 710 : 256 2606 0 0 0 0 0 0 0 
ispass-2009-NN.5.sm_62.ptx 709 : 256 2849 0 0 0 0 0 0 0 
ispass-2009-NN.5.sm_62.ptx 700 : 24 171 0 0 0 0 0 0 0 
ispass-2009-NN.5.sm_62.ptx 699 : 24 147 0 0 0 0 0 0 0 
ispass-2009-NN.5.sm_62.ptx 698 : 24 170 0 0 0 0 0 0 0 
ispass-2009-NN.5.sm_62.ptx 697 : 24 146 0 0 0 0 0 0 0 
ispass-2009-NN.5.sm_62.ptx 696 : 24 175 0 0 0 0 0 0 0 
ispass-2009-NN.5.sm_62.ptx 695 : 24 148 0 0 0 0 0 0 0 
ispass-2009-NN.5.sm_62.ptx 694 : 24 145 0 0 0 0 0 0 0 
ispass-2009-NN.5.sm_62.ptx 693 : 24 267 0 0 0 0 0 0 0 
ispass-2009-NN.5.sm_62.ptx 690 : 256 1560 0 0 0 0 0 0 0 
ispass-2009-NN.5.sm_62.ptx 689 : 280 145 0 0 0 0 0 0 0 
ispass-2009-NN.5.sm_62.ptx 688 : 280 1990 0 0 0 0 0 0 0 
ispass-2009-NN.5.sm_62.ptx 687 : 280 1988 0 0 0 0 0 0 0 
ispass-2009-NN.5.sm_62.ptx 686 : 280 1988 0 0 0 0 0 0 0 
ispass-2009-NN.5.sm_62.ptx 685 : 280 6125 0 0 0 0 0 0 0 
ispass-2009-NN.5.sm_62.ptx 684 : 280 1996 0 0 0 0 0 0 0 
ispass-2009-NN.5.sm_62.ptx 682 : 2800 15744 0 0 0 0 0 0 0 
ispass-2009-NN.5.sm_62.ptx 681 : 2800 20140 0 0 0 0 0 0 0 
ispass-2009-NN.5.sm_62.ptx 680 : 2800 20000 0 0 0 0 0 0 0 
ispass-2009-NN.5.sm_62.ptx 679 : 2800 28320 0 0 0 0 0 0 0 
ispass-2009-NN.5.sm_62.ptx 678 : 2800 28390 0 0 0 0 0 0 0 
ispass-2009-NN.5.sm_62.ptx 677 : 2800 20221 0 0 0 0 0 0 0 
ispass-2009-NN.5.sm_62.ptx 676 : 2800 400468 0 0 0 2800 2800 0 0 
ispass-2009-NN.5.sm_62.ptx 675 : 2800 408450 352 0 0 2800 2800 0 0 
ispass-2009-NN.5.sm_62.ptx 674 : 2800 28155 0 0 0 0 0 0 0 
ispass-2009-NN.5.sm_62.ptx 673 : 2800 28275 0 0 0 0 0 0 0 
ispass-2009-NN.5.sm_62.ptx 672 : 2800 28220 0 0 0 0 0 0 0 
ispass-2009-NN.5.sm_62.ptx 671 : 2800 28233 0 0 0 0 0 0 0 
ispass-2009-NN.5.sm_62.ptx 670 : 2800 20102 0 0 0 0 0 0 0 
ispass-2009-NN.5.sm_62.ptx 669 : 2800 458092 2240 0 0 2800 2800 0 0 
ispass-2009-NN.5.sm_62.ptx 668 : 2800 416649 384 0 0 2800 2800 0 0 
ispass-2009-NN.5.sm_62.ptx 667 : 2800 28171 0 0 0 0 0 0 0 
ispass-2009-NN.5.sm_62.ptx 666 : 2800 28094 0 0 0 0 0 0 0 
ispass-2009-NN.5.sm_62.ptx 665 : 2800 28219 0 0 0 0 0 0 0 
ispass-2009-NN.5.sm_62.ptx 664 : 2800 20105 0 0 0 0 0 0 0 
ispass-2009-NN.5.sm_62.ptx 663 : 2800 400477 0 0 0 2800 2800 0 0 
ispass-2009-NN.5.sm_62.ptx 662 : 2800 408310 384 0 0 2800 2800 0 0 
ispass-2009-NN.5.sm_62.ptx 661 : 2800 28173 0 0 0 0 0 0 0 
ispass-2009-NN.5.sm_62.ptx 660 : 2800 28158 0 0 0 0 0 0 0 
ispass-2009-NN.5.sm_62.ptx 659 : 2800 28225 0 0 0 0 0 0 0 
ispass-2009-NN.5.sm_62.ptx 658 : 2800 20012 0 0 0 0 0 0 0 
ispass-2009-NN.5.sm_62.ptx 657 : 2800 445594 1792 0 0 2800 2800 0 0 
ispass-2009-NN.5.sm_62.ptx 656 : 2800 414575 352 0 0 2800 2800 0 0 
ispass-2009-NN.5.sm_62.ptx 655 : 2800 28200 0 0 0 0 0 0 0 
ispass-2009-NN.5.sm_62.ptx 654 : 2800 28126 0 0 0 0 0 0 0 
ispass-2009-NN.5.sm_62.ptx 653 : 2800 28412 0 0 0 0 0 0 0 
ispass-2009-NN.5.sm_62.ptx 652 : 2800 20062 0 0 0 0 0 0 0 
ispass-2009-NN.5.sm_62.ptx 651 : 2800 401491 0 0 0 2800 2800 0 0 
ispass-2009-NN.5.sm_62.ptx 650 : 2800 408085 352 0 0 2800 2800 0 0 
ispass-2009-NN.5.sm_62.ptx 649 : 2800 28189 0 0 0 0 0 0 0 
ispass-2009-NN.5.sm_62.ptx 648 : 2800 28085 0 0 0 0 0 0 0 
ispass-2009-NN.5.sm_62.ptx 647 : 2800 28250 0 0 0 0 0 0 0 
ispass-2009-NN.5.sm_62.ptx 646 : 2800 20002 0 0 0 0 0 0 0 
ispass-2009-NN.5.sm_62.ptx 645 : 2800 458749 2240 0 0 2800 2800 0 0 
ispass-2009-NN.5.sm_62.ptx 644 : 2800 417907 352 0 0 2800 2800 0 0 
ispass-2009-NN.5.sm_62.ptx 643 : 2800 28250 0 0 0 0 0 0 0 
ispass-2009-NN.5.sm_62.ptx 642 : 2800 28071 0 0 0 0 0 0 0 
ispass-2009-NN.5.sm_62.ptx 641 : 2800 28205 0 0 0 0 0 0 0 
ispass-2009-NN.5.sm_62.ptx 640 : 2800 20049 0 0 0 0 0 0 0 
ispass-2009-NN.5.sm_62.ptx 639 : 2800 401616 0 0 0 2800 2800 0 0 
ispass-2009-NN.5.sm_62.ptx 638 : 2800 408580 352 0 0 2800 2800 0 0 
ispass-2009-NN.5.sm_62.ptx 637 : 2800 28235 0 0 0 0 0 0 0 
ispass-2009-NN.5.sm_62.ptx 636 : 2800 28108 0 0 0 0 0 0 0 
ispass-2009-NN.5.sm_62.ptx 635 : 2800 28189 0 0 0 0 0 0 0 
ispass-2009-NN.5.sm_62.ptx 634 : 2800 20068 0 0 0 0 0 0 0 
ispass-2009-NN.5.sm_62.ptx 633 : 2800 462698 2240 0 0 2800 2800 0 0 
ispass-2009-NN.5.sm_62.ptx 632 : 2800 422130 416 0 0 2800 2800 0 0 
ispass-2009-NN.5.sm_62.ptx 631 : 2800 28247 0 0 0 0 0 0 0 
ispass-2009-NN.5.sm_62.ptx 630 : 2800 28156 0 0 0 0 0 0 0 
ispass-2009-NN.5.sm_62.ptx 629 : 2800 28297 0 0 0 0 0 0 0 
ispass-2009-NN.5.sm_62.ptx 628 : 2800 20118 0 0 0 0 0 0 0 
ispass-2009-NN.5.sm_62.ptx 627 : 2800 403583 0 0 0 2800 2800 0 0 
ispass-2009-NN.5.sm_62.ptx 626 : 2800 410372 384 0 0 2800 2800 0 0 
ispass-2009-NN.5.sm_62.ptx 625 : 2800 28219 0 0 0 0 0 0 0 
ispass-2009-NN.5.sm_62.ptx 624 : 2800 28170 0 0 0 0 0 0 0 
ispass-2009-NN.5.sm_62.ptx 623 : 2800 28344 0 0 0 0 0 0 0 
ispass-2009-NN.5.sm_62.ptx 622 : 2800 20026 0 0 0 0 0 0 0 
ispass-2009-NN.5.sm_62.ptx 621 : 2800 480265 2688 0 0 2800 2800 0 0 
ispass-2009-NN.5.sm_62.ptx 620 : 2800 428185 416 0 0 2800 2800 0 0 
ispass-2009-NN.5.sm_62.ptx 619 : 2800 28224 0 0 0 0 0 0 0 
ispass-2009-NN.5.sm_62.ptx 618 : 2800 28277 0 0 0 0 0 0 0 
ispass-2009-NN.5.sm_62.ptx 615 : 280 1931 0 0 0 0 0 0 0 
ispass-2009-NN.5.sm_62.ptx 614 : 280 2999 0 0 0 0 0 0 0 
ispass-2009-NN.5.sm_62.ptx 613 : 280 1865 0 0 0 0 0 0 0 
ispass-2009-NN.5.sm_62.ptx 612 : 280 2911 0 0 0 0 0 0 0 
ispass-2009-NN.5.sm_62.ptx 611 : 280 55426 320 0 0 280 280 0 0 
ispass-2009-NN.5.sm_62.ptx 610 : 280 2865 0 0 0 0 0 0 0 
ispass-2009-NN.5.sm_62.ptx 609 : 280 2901 0 0 0 0 0 0 0 
ispass-2009-NN.5.sm_62.ptx 608 : 280 2213 0 0 0 0 0 0 0 
ispass-2009-NN.5.sm_62.ptx 607 : 280 2905 0 0 0 0 0 0 0 
ispass-2009-NN.5.sm_62.ptx 606 : 280 1860 0 0 0 0 0 0 0 
ispass-2009-NN.5.sm_62.ptx 605 : 280 2022 0 0 0 0 0 0 0 
ispass-2009-NN.5.sm_62.ptx 604 : 280 840 0 0 0 0 0 0 0 
ispass-2009-NN.5.sm_62.ptx 603 : 280 842 0 0 0 0 0 0 0 
ispass-2009-NN.5.sm_62.ptx 602 : 280 841 0 0 0 0 0 0 0 
ispass-2009-NN.5.sm_62.ptx 585 : 2800 16855 0 0 0 0 0 0 0 
ispass-2009-NN.5.sm_62.ptx 584 : 2800 11361 0 0 0 2800 2800 0 0 
ispass-2009-NN.5.sm_62.ptx 583 : 2800 28177 0 0 0 0 0 0 0 
ispass-2009-NN.5.sm_62.ptx 574 : 1885 13278 0 0 0 0 0 0 0 
ispass-2009-NN.5.sm_62.ptx 582 : 2800 28088 0 0 0 0 0 0 0 
ispass-2009-NN.5.sm_62.ptx 573 : 1885 13347 0 0 0 0 0 0 0 
ispass-2009-NN.5.sm_62.ptx 572 : 1885 13280 0 0 0 0 0 0 0 
ispass-2009-NN.5.sm_62.ptx 581 : 2800 19716 0 0 0 0 0 0 0 
ispass-2009-NN.5.sm_62.ptx 580 : 2800 30962 0 0 0 0 0 0 0 
ispass-2009-NN.5.sm_62.ptx 579 : 2800 19723 0 0 0 0 0 0 0 
ispass-2009-NN.5.sm_62.ptx 571 : 1885 13331 0 0 0 0 0 0 0 
ispass-2009-NN.5.sm_62.ptx 570 : 1885 15188 0 0 0 0 0 0 0 
ispass-2009-NN.5.sm_62.ptx 569 : 1885 13288 0 0 0 0 0 0 0 
ispass-2009-NN.5.sm_62.ptx 568 : 1885 13272 0 0 0 0 0 0 0 
ispass-2009-NN.5.sm_62.ptx 578 : 2800 39743 0 0 0 0 0 0 0 
ispass-2009-NN.5.sm_62.ptx 567 : 1885 13362 0 0 0 0 0 0 0 
ispass-2009-NN.5.sm_62.ptx 577 : 2800 19715 0 0 0 0 0 0 0 
ispass-2009-NN.5.sm_62.ptx 566 : 1885 11338 0 0 0 0 0 0 0 
ispass-2009-NN.5.sm_62.ptx 564 : 1885 27383 0 0 0 0 0 0 0 
ispass-2009-NN.5.sm_62.ptx 562 : 1885 13312 0 0 0 0 0 0 0 
ispass-2009-NN.5.sm_62.ptx 561 : 1885 11380 0 0 0 0 0 0 0 
ispass-2009-NN.5.sm_62.ptx 560 : 1885 40090 0 0 0 0 0 0 0 
ispass-2009-NN.5.sm_62.ptx 559 : 1885 27676 0 0 0 0 0 0 0 
ispass-2009-NN.5.sm_62.ptx 558 : 1885 18926 0 0 0 0 0 0 0 
ispass-2009-NN.5.sm_62.ptx 557 : 1885 13391 0 0 0 0 0 0 0 
ispass-2009-NN.5.sm_62.ptx 556 : 1885 11707 0 0 0 0 0 0 0 
ispass-2009-NN.5.sm_62.ptx 555 : 1885 13412 0 0 0 0 0 0 0 
ispass-2009-NN.5.sm_62.ptx 554 : 1885 11690 0 0 0 0 0 0 0 
ispass-2009-NN.5.sm_62.ptx 553 : 1885 13326 0 0 0 0 0 0 0 
ispass-2009-NN.5.sm_62.ptx 552 : 1885 18910 0 0 0 0 0 0 0 
ispass-2009-NN.5.sm_62.ptx 548 : 915 5641 0 0 0 0 0 0 0 
ispass-2009-NN.5.sm_62.ptx 547 : 915 6512 0 0 0 0 0 0 0 
ispass-2009-NN.5.sm_62.ptx 551 : 1885 20851 0 0 0 0 0 0 0 
ispass-2009-NN.5.sm_62.ptx 546 : 915 7479 0 0 0 0 0 0 0 
ispass-2009-NN.5.sm_62.ptx 545 : 915 10175 0 0 0 0 0 0 0 
ispass-2009-NN.5.sm_62.ptx 544 : 915 7378 0 0 0 0 0 0 0 
ispass-2009-NN.5.sm_62.ptx 543 : 915 9209 0 0 0 0 0 0 0 
ispass-2009-NN.5.sm_62.ptx 542 : 915 6465 0 0 0 0 0 0 0 
ispass-2009-NN.5.sm_62.ptx 541 : 915 5547 0 0 0 0 0 0 0 
ispass-2009-NN.5.sm_62.ptx 540 : 915 6468 0 0 0 0 0 0 0 
ispass-2009-NN.5.sm_62.ptx 539 : 915 5537 0 0 0 0 0 0 0 
ispass-2009-NN.5.sm_62.ptx 538 : 915 6485 0 0 0 0 0 0 0 
ispass-2009-NN.5.sm_62.ptx 537 : 915 5557 0 0 0 0 0 0 0 
ispass-2009-NN.5.sm_62.ptx 536 : 915 5511 0 0 0 0 0 0 0 
ispass-2009-NN.5.sm_62.ptx 535 : 915 10117 0 0 0 0 0 0 0 
ispass-2009-NN.5.sm_62.ptx 532 : 1885 11382 0 0 0 0 0 0 0 
ispass-2009-NN.5.sm_62.ptx 531 : 2800 5522 0 0 0 0 0 0 0 
ispass-2009-NN.5.sm_62.ptx 530 : 2800 19726 0 0 0 0 0 0 0 
ispass-2009-NN.5.sm_62.ptx 529 : 2800 19734 0 0 0 0 0 0 0 
ispass-2009-NN.5.sm_62.ptx 528 : 2800 19733 0 0 0 0 0 0 0 
ispass-2009-NN.5.sm_62.ptx 527 : 2800 39707 0 0 0 0 0 0 0 
ispass-2009-NN.5.sm_62.ptx 526 : 2800 19728 0 0 0 0 0 0 0 
ispass-2009-NN.5.sm_62.ptx 524 : 350000 2105451 0 0 0 0 0 0 0 
ispass-2009-NN.5.sm_62.ptx 523 : 350000 2466661 0 0 0 0 0 0 0 
ispass-2009-NN.5.sm_62.ptx 522 : 350000 2463916 0 0 0 0 0 0 0 
ispass-2009-NN.5.sm_62.ptx 521 : 350000 3513913 0 0 0 0 0 0 0 
ispass-2009-NN.5.sm_62.ptx 520 : 350000 3514328 0 0 0 0 0 0 0 
ispass-2009-NN.5.sm_62.ptx 519 : 350000 2480434 0 0 0 0 0 0 0 
ispass-2009-NN.5.sm_62.ptx 518 : 350000 49931944 0 0 0 350000 350000 0 0 
ispass-2009-NN.5.sm_62.ptx 517 : 350000 49923477 19232 0 0 350000 350000 0 0 
ispass-2009-NN.5.sm_62.ptx 516 : 350000 3512710 0 0 0 0 0 0 0 
ispass-2009-NN.5.sm_62.ptx 515 : 350000 3521768 0 0 0 0 0 0 0 
ispass-2009-NN.5.sm_62.ptx 514 : 350000 3513396 0 0 0 0 0 0 0 
ispass-2009-NN.5.sm_62.ptx 513 : 350000 3518728 0 0 0 0 0 0 0 
ispass-2009-NN.5.sm_62.ptx 512 : 350000 2483430 0 0 0 0 0 0 0 
ispass-2009-NN.5.sm_62.ptx 511 : 350000 50372045 10976 0 0 350000 350000 0 0 
ispass-2009-NN.5.sm_62.ptx 510 : 350000 49927732 18368 0 0 350000 350000 0 0 
ispass-2009-NN.5.sm_62.ptx 509 : 350000 3520789 0 0 0 0 0 0 0 
ispass-2009-NN.5.sm_62.ptx 508 : 350000 3511644 0 0 0 0 0 0 0 
ispass-2009-NN.5.sm_62.ptx 507 : 350000 3518943 0 0 0 0 0 0 0 
ispass-2009-NN.5.sm_62.ptx 506 : 350000 2485260 0 0 0 0 0 0 0 
ispass-2009-NN.5.sm_62.ptx 505 : 350000 49937465 0 0 0 350000 350000 0 0 
ispass-2009-NN.5.sm_62.ptx 504 : 350000 49911235 19328 0 0 350000 350000 0 0 
ispass-2009-NN.5.sm_62.ptx 503 : 350000 3520049 0 0 0 0 0 0 0 
ispass-2009-NN.5.sm_62.ptx 502 : 350000 3515719 0 0 0 0 0 0 0 
ispass-2009-NN.5.sm_62.ptx 501 : 350000 3518880 0 0 0 0 0 0 0 
ispass-2009-NN.5.sm_62.ptx 500 : 350000 2482623 0 0 0 0 0 0 0 
ispass-2009-NN.5.sm_62.ptx 499 : 350000 50161475 5408 0 0 350000 350000 0 0 
ispass-2009-NN.5.sm_62.ptx 498 : 350000 49920440 18496 0 0 350000 350000 0 0 
ispass-2009-NN.5.sm_62.ptx 497 : 350000 3519548 0 0 0 0 0 0 0 
ispass-2009-NN.5.sm_62.ptx 496 : 350000 3513810 0 0 0 0 0 0 0 
ispass-2009-NN.5.sm_62.ptx 495 : 350000 3524979 0 0 0 0 0 0 0 
ispass-2009-NN.5.sm_62.ptx 494 : 350000 2480613 0 0 0 0 0 0 0 
ispass-2009-NN.5.sm_62.ptx 493 : 350000 49933342 0 0 0 350000 350000 0 0 
ispass-2009-NN.5.sm_62.ptx 492 : 350000 49914198 19392 0 0 350000 350000 0 0 
ispass-2009-NN.5.sm_62.ptx 491 : 350000 3519180 0 0 0 0 0 0 0 
ispass-2009-NN.5.sm_62.ptx 490 : 350000 3513502 0 0 0 0 0 0 0 
ispass-2009-NN.5.sm_62.ptx 489 : 350000 3518135 0 0 0 0 0 0 0 
ispass-2009-NN.5.sm_62.ptx 488 : 350000 2480671 0 0 0 0 0 0 0 
ispass-2009-NN.5.sm_62.ptx 487 : 350000 50357791 10976 0 0 350000 350000 0 0 
ispass-2009-NN.5.sm_62.ptx 486 : 350000 49931273 18464 0 0 350000 350000 0 0 
ispass-2009-NN.5.sm_62.ptx 485 : 350000 3519273 0 0 0 0 0 0 0 
ispass-2009-NN.5.sm_62.ptx 484 : 350000 3512771 0 0 0 0 0 0 0 
ispass-2009-NN.5.sm_62.ptx 483 : 350000 3517417 0 0 0 0 0 0 0 
ispass-2009-NN.5.sm_62.ptx 482 : 350000 2481569 0 0 0 0 0 0 0 
ispass-2009-NN.5.sm_62.ptx 481 : 350000 49936325 0 0 0 350000 350000 0 0 
ispass-2009-NN.5.sm_62.ptx 480 : 350000 49923972 19360 0 0 350000 350000 0 0 
ispass-2009-NN.5.sm_62.ptx 479 : 350000 3519981 0 0 0 0 0 0 0 
ispass-2009-NN.5.sm_62.ptx 478 : 350000 3512035 0 0 0 0 0 0 0 
ispass-2009-NN.5.sm_62.ptx 477 : 350000 3518515 0 0 0 0 0 0 0 
ispass-2009-NN.5.sm_62.ptx 476 : 350000 2483415 0 0 0 0 0 0 0 
ispass-2009-NN.5.sm_62.ptx 475 : 350000 50158841 5600 0 0 350000 350000 0 0 
ispass-2009-NN.5.sm_62.ptx 474 : 350000 49929058 18496 0 0 350000 350000 0 0 
ispass-2009-NN.5.sm_62.ptx 473 : 350000 3520871 0 0 0 0 0 0 0 
ispass-2009-NN.5.sm_62.ptx 472 : 350000 3511594 0 0 0 0 0 0 0 
ispass-2009-NN.5.sm_62.ptx 471 : 350000 3519199 0 0 0 0 0 0 0 
ispass-2009-NN.5.sm_62.ptx 470 : 350000 2485785 0 0 0 0 0 0 0 
ispass-2009-NN.5.sm_62.ptx 469 : 350000 49935523 0 0 0 350000 350000 0 0 
ispass-2009-NN.5.sm_62.ptx 468 : 350000 49919259 19456 0 0 350000 350000 0 0 
ispass-2009-NN.5.sm_62.ptx 467 : 350000 3519619 0 0 0 0 0 0 0 
ispass-2009-NN.5.sm_62.ptx 466 : 350000 3511029 0 0 0 0 0 0 0 
ispass-2009-NN.5.sm_62.ptx 465 : 350000 3519951 0 0 0 0 0 0 0 
ispass-2009-NN.5.sm_62.ptx 464 : 350000 2483348 0 0 0 0 0 0 0 
ispass-2009-NN.5.sm_62.ptx 463 : 350000 50209672 6240 0 0 350000 350000 0 0 
ispass-2009-NN.5.sm_62.ptx 462 : 350000 49925247 18400 0 0 350000 350000 0 0 
ispass-2009-NN.5.sm_62.ptx 461 : 350000 3519671 0 0 0 0 0 0 0 
ispass-2009-NN.5.sm_62.ptx 460 : 350000 3514613 0 0 0 0 0 0 0 
ispass-2009-NN.5.sm_62.ptx 457 : 2800 17213 0 0 0 0 0 0 0 
ispass-2009-NN.5.sm_62.ptx 456 : 2800 28644 0 0 0 0 0 0 0 
ispass-2009-NN.5.sm_62.ptx 455 : 2800 17101 0 0 0 0 0 0 0 
ispass-2009-NN.5.sm_62.ptx 454 : 2800 28159 0 0 0 0 0 0 0 
ispass-2009-NN.5.sm_62.ptx 453 : 2800 402828 640 0 0 2800 2800 0 0 
ispass-2009-NN.5.sm_62.ptx 452 : 2800 28176 0 0 0 0 0 0 0 
ispass-2009-NN.5.sm_62.ptx 451 : 2800 28269 0 0 0 0 0 0 0 
ispass-2009-NN.5.sm_62.ptx 450 : 2800 20140 0 0 0 0 0 0 0 
ispass-2009-NN.5.sm_62.ptx 449 : 2800 28293 0 0 0 0 0 0 0 
ispass-2009-NN.5.sm_62.ptx 448 : 2800 17008 0 0 0 0 0 0 0 
ispass-2009-NN.5.sm_62.ptx 447 : 2800 19676 0 0 0 0 0 0 0 
ispass-2009-NN.5.sm_62.ptx 446 : 2800 8491 0 0 0 0 0 0 0 
ispass-2009-NN.5.sm_62.ptx 445 : 2800 8689 0 0 0 0 0 0 0 
ispass-2009-NN.5.sm_62.ptx 444 : 2800 8464 0 0 0 0 0 0 0 
ispass-2009-NN.5.sm_62.ptx 427 : 35000 212950 0 0 0 0 0 0 0 
ispass-2009-NN.5.sm_62.ptx 426 : 35000 287600 0 0 0 5600 1400 0 0 
ispass-2009-NN.5.sm_62.ptx 425 : 35000 356300 0 0 0 0 0 0 0 
ispass-2009-NN.5.sm_62.ptx 424 : 35000 354900 0 0 0 0 0 0 0 
ispass-2009-NN.5.sm_62.ptx 423 : 35000 250800 0 0 0 0 0 0 0 
ispass-2009-NN.5.sm_62.ptx 422 : 35000 389575 0 0 0 0 0 0 0 
ispass-2009-NN.5.sm_62.ptx 421 : 35000 391025 0 0 0 0 0 0 0 
ispass-2009-NN.5.sm_62.ptx 420 : 35000 390100 0 0 0 0 0 0 0 
ispass-2009-NN.5.sm_62.ptx 419 : 35000 248400 0 0 0 0 0 0 0 
ispass-2009-NN.5.sm_62.ptx 418 : 35000 609900 0 0 0 0 0 0 0 
ispass-2009-NN.5.sm_62.ptx 417 : 35000 249600 0 0 0 0 0 0 0 
ispass-2009-NN.5.sm_62.ptx 414 : 21487 153220 0 0 0 0 0 0 0 
ispass-2009-NN.5.sm_62.ptx 413 : 21487 154435 0 0 0 0 0 0 0 
ispass-2009-NN.5.sm_62.ptx 412 : 21487 153001 0 0 0 0 0 0 0 
ispass-2009-NN.5.sm_62.ptx 411 : 21487 152310 0 0 0 0 0 0 0 
ispass-2009-NN.5.sm_62.ptx 410 : 21487 154325 0 0 0 0 0 0 0 
ispass-2009-NN.5.sm_62.ptx 409 : 21487 152996 0 0 0 0 0 0 0 
ispass-2009-NN.5.sm_62.ptx 408 : 21487 153207 0 0 0 0 0 0 0 
ispass-2009-NN.5.sm_62.ptx 407 : 21487 155083 0 0 0 0 0 0 0 
ispass-2009-NN.5.sm_62.ptx 406 : 21487 130075 0 0 0 0 0 0 0 
ispass-2009-NN.5.sm_62.ptx 404 : 21487 435089 0 0 0 0 0 0 0 
ispass-2009-NN.5.sm_62.ptx 402 : 21487 155562 0 0 0 0 0 0 0 
ispass-2009-NN.5.sm_62.ptx 401 : 21487 130927 0 0 0 0 0 0 0 
ispass-2009-NN.5.sm_62.ptx 400 : 21487 537568 0 0 0 0 0 0 0 
ispass-2009-NN.5.sm_62.ptx 399 : 21487 412595 0 0 0 0 0 0 0 
ispass-2009-NN.5.sm_62.ptx 398 : 21487 217747 0 0 0 0 0 0 0 
ispass-2009-NN.5.sm_62.ptx 397 : 21487 157115 0 0 0 0 0 0 0 
ispass-2009-NN.5.sm_62.ptx 195 : 28392 289254 0 0 0 0 0 0 0 
ispass-2009-NN.5.sm_62.ptx 194 : 28392 655355 0 0 0 0 0 0 0 
ispass-2009-NN.5.sm_62.ptx 193 : 28392 206622 0 0 0 0 0 0 0 
ispass-2009-NN.5.sm_62.ptx 192 : 28392 10728481 0 0 0 9396 1008 0 0 
ispass-2009-NN.5.sm_62.ptx 191 : 28392 12511872 0 0 0 1008 1008 0 0 
ispass-2009-NN.5.sm_62.ptx 190 : 28392 290566 0 0 0 0 0 0 0 
ispass-2009-NN.5.sm_62.ptx 189 : 28392 288829 0 0 0 0 0 0 0 
ispass-2009-NN.5.sm_62.ptx 188 : 28392 289912 0 0 0 0 0 0 0 
ispass-2009-NN.5.sm_62.ptx 187 : 28392 639569 0 0 0 0 0 0 0 
ispass-2009-NN.5.sm_62.ptx 186 : 28392 208469 0 0 0 0 0 0 0 
ispass-2009-NN.5.sm_62.ptx 185 : 28392 10871922 0 0 0 9396 1008 0 0 
ispass-2009-NN.5.sm_62.ptx 184 : 28392 12824913 0 0 0 1008 1008 0 0 
ispass-2009-NN.5.sm_62.ptx 183 : 28392 288860 0 0 0 0 0 0 0 
ispass-2009-NN.5.sm_62.ptx 182 : 28392 288867 0 0 0 0 0 0 0 
ispass-2009-NN.5.sm_62.ptx 181 : 28392 289188 0 0 0 0 0 0 0 
ispass-2009-NN.5.sm_62.ptx 180 : 28392 669760 0 0 0 0 0 0 0 
ispass-2009-NN.5.sm_62.ptx 179 : 28392 205834 0 0 0 0 0 0 0 
ispass-2009-NN.5.sm_62.ptx 178 : 28392 11073618 0 0 0 9396 1008 0 0 
ispass-2009-NN.5.sm_62.ptx 177 : 28392 13096901 0 0 0 1008 1008 0 0 
ispass-2009-NN.5.sm_62.ptx 176 : 28392 289232 0 0 0 0 0 0 0 
ispass-2009-NN.5.sm_62.ptx 175 : 28392 288740 0 0 0 0 0 0 0 
ispass-2009-NN.5.sm_62.ptx 174 : 28392 290393 0 0 0 0 0 0 0 
ispass-2009-NN.5.sm_62.ptx 173 : 28392 679848 0 0 0 0 0 0 0 
ispass-2009-NN.5.sm_62.ptx 172 : 28392 205844 0 0 0 0 0 0 0 
ispass-2009-NN.5.sm_62.ptx 171 : 28392 11050664 0 0 0 9366 1008 0 0 
ispass-2009-NN.5.sm_62.ptx 170 : 28392 13066589 0 0 0 1008 1008 0 0 
ispass-2009-NN.5.sm_62.ptx 169 : 28392 289737 0 0 0 0 0 0 0 
ispass-2009-NN.5.sm_62.ptx 168 : 28392 289402 0 0 0 0 0 0 0 
ispass-2009-NN.5.sm_62.ptx 167 : 28392 289990 0 0 0 0 0 0 0 
ispass-2009-NN.5.sm_62.ptx 166 : 28392 658520 0 0 0 0 0 0 0 
ispass-2009-NN.5.sm_62.ptx 165 : 28392 205925 0 0 0 0 0 0 0 
ispass-2009-NN.5.sm_62.ptx 164 : 28392 11291017 0 0 0 9336 1008 0 0 
ispass-2009-NN.5.sm_62.ptx 163 : 28392 12926490 0 0 0 1008 1008 0 0 
ispass-2009-NN.5.sm_62.ptx 162 : 28392 291103 0 0 0 0 0 0 0 
ispass-2009-NN.5.sm_62.ptx 161 : 28392 288820 0 0 0 0 0 0 0 
ispass-2009-NN.5.sm_62.ptx 160 : 28392 290190 0 0 0 0 0 0 0 
ispass-2009-NN.5.sm_62.ptx 159 : 28392 1784240 0 0 0 0 0 0 0 
ispass-2009-NN.5.sm_62.ptx 158 : 28392 205459 0 0 0 0 0 0 0 
ispass-2009-NN.5.sm_62.ptx 157 : 28392 11358863 0 0 0 9336 1008 0 0 
ispass-2009-NN.5.sm_62.ptx 156 : 28392 13120936 0 0 0 1008 1008 0 0 
ispass-2009-NN.5.sm_62.ptx 155 : 28392 288872 0 0 0 0 0 0 0 
ispass-2009-NN.5.sm_62.ptx 154 : 28392 288575 0 0 0 0 0 0 0 
ispass-2009-NN.5.sm_62.ptx 153 : 28392 287999 0 0 0 0 0 0 0 
ispass-2009-NN.5.sm_62.ptx 152 : 28392 656077 0 0 0 0 0 0 0 
ispass-2009-NN.5.sm_62.ptx 151 : 28392 205609 0 0 0 0 0 0 0 
ispass-2009-NN.5.sm_62.ptx 150 : 28392 11378614 0 0 0 9336 1008 0 0 
ispass-2009-NN.5.sm_62.ptx 149 : 28392 13106129 0 0 0 1008 1008 0 0 
ispass-2009-NN.5.sm_62.ptx 148 : 28392 317327 0 0 0 0 0 0 0 
ispass-2009-NN.5.sm_62.ptx 147 : 28392 288228 0 0 0 0 0 0 0 
ispass-2009-NN.5.sm_62.ptx 146 : 28392 288955 0 0 0 0 0 0 0 
ispass-2009-NN.5.sm_62.ptx 145 : 28392 714753 0 0 0 0 0 0 0 
ispass-2009-NN.5.sm_62.ptx 144 : 28392 204735 0 0 0 0 0 0 0 
ispass-2009-NN.5.sm_62.ptx 143 : 28392 11411725 0 0 0 9366 1008 0 0 
ispass-2009-NN.5.sm_62.ptx 142 : 28392 12848261 0 0 0 1008 1008 0 0 
ispass-2009-NN.5.sm_62.ptx 141 : 28392 289384 0 0 0 0 0 0 0 
ispass-2009-NN.5.sm_62.ptx 140 : 28392 288944 0 0 0 0 0 0 0 
ispass-2009-NN.5.sm_62.ptx 139 : 28392 289024 0 0 0 0 0 0 0 
ispass-2009-NN.5.sm_62.ptx 138 : 28392 683726 0 0 0 0 0 0 0 
ispass-2009-NN.5.sm_62.ptx 137 : 28392 206916 0 0 0 0 0 0 0 
ispass-2009-NN.5.sm_62.ptx 136 : 28392 11291392 0 0 0 9396 1008 0 0 
ispass-2009-NN.5.sm_62.ptx 135 : 28392 12376926 0 0 0 1008 1008 0 0 
ispass-2009-NN.5.sm_62.ptx 134 : 28392 289343 0 0 0 0 0 0 0 
ispass-2009-NN.5.sm_62.ptx 133 : 28392 287350 0 0 0 0 0 0 0 
ispass-2009-NN.5.sm_62.ptx 132 : 28392 290299 0 0 0 0 0 0 0 
ispass-2009-NN.5.sm_62.ptx 131 : 28392 693367 0 0 0 0 0 0 0 
ispass-2009-NN.5.sm_62.ptx 130 : 28392 206208 0 0 0 0 0 0 0 
ispass-2009-NN.5.sm_62.ptx 129 : 28392 11229095 0 0 0 9396 1008 0 0 
ispass-2009-NN.5.sm_62.ptx 128 : 28392 12173659 0 0 0 1008 1008 0 0 
ispass-2009-NN.5.sm_62.ptx 127 : 28392 289231 0 0 0 0 0 0 0 
ispass-2009-NN.5.sm_62.ptx 126 : 28392 288706 0 0 0 0 0 0 0 
ispass-2009-NN.5.sm_62.ptx 125 : 28392 290535 0 0 0 0 0 0 0 
ispass-2009-NN.5.sm_62.ptx 124 : 28392 736960 0 0 0 0 0 0 0 
ispass-2009-NN.5.sm_62.ptx 123 : 28392 207831 0 0 0 0 0 0 0 
ispass-2009-NN.5.sm_62.ptx 122 : 28392 11309119 0 0 0 9396 1008 0 0 
ispass-2009-NN.5.sm_62.ptx 121 : 28392 12899241 0 0 0 1008 1008 0 0 
ispass-2009-NN.5.sm_62.ptx 120 : 28392 288936 0 0 0 0 0 0 0 
ispass-2009-NN.5.sm_62.ptx 119 : 28392 288217 0 0 0 0 0 0 0 
ispass-2009-NN.5.sm_62.ptx 118 : 28392 288157 0 0 0 0 0 0 0 
ispass-2009-NN.5.sm_62.ptx 117 : 28392 749722 0 0 0 0 0 0 0 
ispass-2009-NN.5.sm_62.ptx 116 : 28392 207575 0 0 0 0 0 0 0 
ispass-2009-NN.5.sm_62.ptx 115 : 28392 11256354 0 0 0 9366 1008 0 0 
ispass-2009-NN.5.sm_62.ptx 114 : 28392 12810046 0 0 0 1008 1008 0 0 
ispass-2009-NN.5.sm_62.ptx 113 : 28392 289083 0 0 0 0 0 0 0 
ispass-2009-NN.5.sm_62.ptx 112 : 28392 287404 0 0 0 0 0 0 0 
ispass-2009-NN.5.sm_62.ptx 111 : 28392 288168 0 0 0 0 0 0 0 
ispass-2009-NN.5.sm_62.ptx 110 : 28392 733034 0 0 0 0 0 0 0 
ispass-2009-NN.5.sm_62.ptx 109 : 28392 208004 0 0 0 0 0 0 0 
ispass-2009-NN.5.sm_62.ptx 108 : 28392 11019715 0 0 0 9336 1008 0 0 
ispass-2009-NN.5.sm_62.ptx 65 : 28392 11033607 0 0 0 1008 1008 0 0 
ispass-2009-NN.5.sm_62.ptx 64 : 28392 289073 0 0 0 0 0 0 0 
ispass-2009-NN.5.sm_62.ptx 63 : 28392 288079 0 0 0 0 0 0 0 
ispass-2009-NN.5.sm_62.ptx 62 : 28392 290031 0 0 0 0 0 0 0 
ispass-2009-NN.5.sm_62.ptx 61 : 28392 678767 0 0 0 0 0 0 0 
ispass-2009-NN.5.sm_62.ptx 60 : 28392 206519 0 0 0 0 0 0 0 
ispass-2009-NN.5.sm_62.ptx 59 : 28392 9587781 0 0 0 9366 1008 0 0 
ispass-2009-NN.5.sm_62.ptx 396 : 21487 135538 0 0 0 0 0 0 0 
ispass-2009-NN.5.sm_62.ptx 58 : 28392 9959439 0 0 0 1008 1008 0 0 
ispass-2009-NN.5.sm_62.ptx 395 : 21487 157920 0 0 0 0 0 0 0 
ispass-2009-NN.5.sm_62.ptx 57 : 28392 290535 0 0 0 0 0 0 0 
ispass-2009-NN.5.sm_62.ptx 394 : 21487 135985 0 0 0 0 0 0 0 
ispass-2009-NN.5.sm_62.ptx 56 : 28392 289693 0 0 0 0 0 0 0 
ispass-2009-NN.5.sm_62.ptx 393 : 21487 154748 0 0 0 0 0 0 0 
ispass-2009-NN.5.sm_62.ptx 55 : 28392 294591 0 0 0 0 0 0 0 
ispass-2009-NN.5.sm_62.ptx 392 : 21487 217472 0 0 0 0 0 0 0 
ispass-2009-NN.5.sm_62.ptx 54 : 28392 591472 0 0 0 0 0 0 0 
ispass-2009-NN.5.sm_62.ptx 391 : 21487 240706 0 0 0 0 0 0 0 
ispass-2009-NN.5.sm_62.ptx 53 : 28392 207838 0 0 0 0 0 0 0 
ispass-2009-NN.5.sm_62.ptx 52 : 28392 9537166 0 0 0 9336 1008 0 0 
ispass-2009-NN.5.sm_62.ptx 51 : 28392 8931198 0 0 0 1008 1008 0 0 
ispass-2009-NN.5.sm_62.ptx 388 : 13513 82058 0 0 0 0 0 0 0 
ispass-2009-NN.5.sm_62.ptx 50 : 28392 310071 0 0 0 0 0 0 0 
ispass-2009-NN.5.sm_62.ptx 387 : 13513 110660 0 0 0 0 0 0 0 
ispass-2009-NN.5.sm_62.ptx 49 : 28392 310701 0 0 0 0 0 0 0 
ispass-2009-NN.5.sm_62.ptx 386 : 13513 113016 0 0 0 0 0 0 0 
ispass-2009-NN.5.sm_62.ptx 48 : 28392 307197 0 0 0 0 0 0 0 
ispass-2009-NN.5.sm_62.ptx 385 : 13513 152263 0 0 0 0 0 0 0 
ispass-2009-NN.5.sm_62.ptx 47 : 28392 2385138 0 0 0 0 0 0 0 
ispass-2009-NN.5.sm_62.ptx 384 : 13513 110663 0 0 0 0 0 0 0 
ispass-2009-NN.5.sm_62.ptx 46 : 28392 288071 0 0 0 0 0 0 0 
ispass-2009-NN.5.sm_62.ptx 383 : 13513 137841 0 0 0 0 0 0 0 
ispass-2009-NN.5.sm_62.ptx 35 : 28392 337155 0 0 0 0 0 0 0 
ispass-2009-NN.5.sm_62.ptx 372 : 21487 130908 0 0 0 0 0 0 0 
ispass-2009-NN.5.sm_62.ptx 743 : 280 1698 0 0 0 0 0 0 0 
ispass-2009-NN.5.sm_62.ptx 34 : 28392 227768 0 0 0 0 0 0 0 
ispass-2009-NN.5.sm_62.ptx 371 : 35000 82344 0 0 0 0 0 0 1378 
ispass-2009-NN.5.sm_62.ptx 742 : 280 1146 0 0 0 280 280 0 0 
ispass-2009-NN.5.sm_62.ptx 33 : 28392 243479 0 0 0 0 0 0 0 
ispass-2009-NN.5.sm_62.ptx 370 : 35000 250875 0 0 0 0 0 0 0 
ispass-2009-NN.5.sm_62.ptx 741 : 280 2877 0 0 0 0 0 0 0 
ispass-2009-NN.5.sm_62.ptx 32 : 28392 596181 0 0 0 0 0 0 0 
ispass-2009-NN.5.sm_62.ptx 369 : 35000 248625 0 0 0 0 0 0 0 
ispass-2009-NN.5.sm_62.ptx 739 : 280 2164 0 0 0 0 0 0 0 
ispass-2009-NN.5.sm_62.ptx 30 : 28392 1905869 0 0 0 0 0 0 0 
ispass-2009-NN.5.sm_62.ptx 367 : 35000 531800 0 0 0 0 0 0 0 
ispass-2009-NN.5.sm_62.ptx 740 : 280 2982 0 0 0 0 0 0 0 
ispass-2009-NN.5.sm_62.ptx 31 : 28392 1891160 0 0 0 0 0 0 0 
ispass-2009-NN.5.sm_62.ptx 368 : 35000 250000 0 0 0 0 0 0 0 
ispass-2009-NN.5.sm_62.ptx 36 : 28392 243524 0 0 0 0 0 0 0 
ispass-2009-NN.5.sm_62.ptx 37 : 28392 254756 0 0 0 0 0 0 0 
ispass-2009-NN.5.sm_62.ptx 38 : 28392 255527 0 0 0 0 0 0 0 
ispass-2009-NN.5.sm_62.ptx 375 : 13513 151034 0 0 0 0 0 0 0 
ispass-2009-NN.5.sm_62.ptx 39 : 28392 347513 0 0 0 0 0 0 0 
ispass-2009-NN.5.sm_62.ptx 376 : 13513 81789 0 0 0 0 0 0 0 
ispass-2009-NN.5.sm_62.ptx 40 : 28392 344493 0 0 0 0 0 0 0 
ispass-2009-NN.5.sm_62.ptx 377 : 13513 83269 0 0 0 0 0 0 0 
ispass-2009-NN.5.sm_62.ptx 41 : 28392 225377 0 0 0 0 0 0 0 
ispass-2009-NN.5.sm_62.ptx 378 : 13513 99078 0 0 0 0 0 0 0 
ispass-2009-NN.5.sm_62.ptx 42 : 28392 352358 0 0 0 0 0 0 0 
ispass-2009-NN.5.sm_62.ptx 379 : 13513 83043 0 0 0 0 0 0 0 
ispass-2009-NN.5.sm_62.ptx 43 : 28392 204560 0 0 0 0 0 0 0 
ispass-2009-NN.5.sm_62.ptx 380 : 13513 98770 0 0 0 0 0 0 0 
ispass-2009-NN.5.sm_62.ptx 44 : 28392 335802 0 0 0 0 0 0 0 
ispass-2009-NN.5.sm_62.ptx 381 : 13513 82837 0 0 0 0 0 0 0 
ispass-2009-NN.5.sm_62.ptx 45 : 28392 7853689 0 0 0 1008 1008 0 0 
ispass-2009-NN.5.sm_62.ptx 382 : 13513 98589 0 0 0 0 0 0 0 
ispass-2009-NN.5.sm_62.ptx 66 : 28392 10297504 0 0 0 9396 1008 0 0 
ispass-2009-NN.5.sm_62.ptx 67 : 28392 207338 0 0 0 0 0 0 0 
ispass-2009-NN.5.sm_62.ptx 68 : 28392 651429 0 0 0 0 0 0 0 
ispass-2009-NN.5.sm_62.ptx 69 : 28392 288639 0 0 0 0 0 0 0 
ispass-2009-NN.5.sm_62.ptx 70 : 28392 289073 0 0 0 0 0 0 0 
ispass-2009-NN.5.sm_62.ptx 71 : 28392 291155 0 0 0 0 0 0 0 
ispass-2009-NN.5.sm_62.ptx 72 : 28392 11616270 0 0 0 1008 1008 0 0 
ispass-2009-NN.5.sm_62.ptx 73 : 28392 10524397 0 0 0 9396 1008 0 0 
ispass-2009-NN.5.sm_62.ptx 74 : 28392 205580 0 0 0 0 0 0 0 
ispass-2009-NN.5.sm_62.ptx 75 : 28392 678392 0 0 0 0 0 0 0 
ispass-2009-NN.5.sm_62.ptx 76 : 28392 288783 0 0 0 0 0 0 0 
ispass-2009-NN.5.sm_62.ptx 77 : 28392 287076 0 0 0 0 0 0 0 
ispass-2009-NN.5.sm_62.ptx 78 : 28392 290030 0 0 0 0 0 0 0 
ispass-2009-NN.5.sm_62.ptx 79 : 28392 11949861 0 0 0 1008 1008 0 0 
ispass-2009-NN.5.sm_62.ptx 80 : 28392 10781758 0 0 0 9396 1008 0 0 
ispass-2009-NN.5.sm_62.ptx 81 : 28392 206543 0 0 0 0 0 0 0 
ispass-2009-NN.5.sm_62.ptx 82 : 28392 685471 0 0 0 0 0 0 0 
ispass-2009-NN.5.sm_62.ptx 83 : 28392 289474 0 0 0 0 0 0 0 
ispass-2009-NN.5.sm_62.ptx 84 : 28392 287893 0 0 0 0 0 0 0 
ispass-2009-NN.5.sm_62.ptx 85 : 28392 289994 0 0 0 0 0 0 0 
ispass-2009-NN.5.sm_62.ptx 86 : 28392 12282432 0 0 0 1008 1008 0 0 
ispass-2009-NN.5.sm_62.ptx 87 : 28392 10979679 0 0 0 9366 1008 0 0 
ispass-2009-NN.5.sm_62.ptx 88 : 28392 206755 0 0 0 0 0 0 0 
ispass-2009-NN.5.sm_62.ptx 89 : 28392 746514 0 0 0 0 0 0 0 
ispass-2009-NN.5.sm_62.ptx 90 : 28392 289237 0 0 0 0 0 0 0 
ispass-2009-NN.5.sm_62.ptx 91 : 28392 290327 0 0 0 0 0 0 0 
ispass-2009-NN.5.sm_62.ptx 92 : 28392 318806 0 0 0 0 0 0 0 
ispass-2009-NN.5.sm_62.ptx 93 : 28392 12286148 0 0 0 1008 1008 0 0 
ispass-2009-NN.5.sm_62.ptx 94 : 28392 10984944 0 0 0 9336 1008 0 0 
ispass-2009-NN.5.sm_62.ptx 95 : 28392 205931 0 0 0 0 0 0 0 
ispass-2009-NN.5.sm_62.ptx 96 : 28392 767507 0 0 0 0 0 0 0 
ispass-2009-NN.5.sm_62.ptx 97 : 28392 288315 0 0 0 0 0 0 0 
ispass-2009-NN.5.sm_62.ptx 98 : 28392 287667 0 0 0 0 0 0 0 
ispass-2009-NN.5.sm_62.ptx 99 : 28392 289387 0 0 0 0 0 0 0 
ispass-2009-NN.5.sm_62.ptx 100 : 28392 12329407 0 0 0 1008 1008 0 0 
ispass-2009-NN.5.sm_62.ptx 101 : 28392 10930451 0 0 0 9336 1008 0 0 
ispass-2009-NN.5.sm_62.ptx 102 : 28392 206133 0 0 0 0 0 0 0 
ispass-2009-NN.5.sm_62.ptx 103 : 28392 727783 0 0 0 0 0 0 0 
ispass-2009-NN.5.sm_62.ptx 104 : 28392 289023 0 0 0 0 0 0 0 
ispass-2009-NN.5.sm_62.ptx 105 : 28392 288634 0 0 0 0 0 0 0 
ispass-2009-NN.5.sm_62.ptx 106 : 28392 289233 0 0 0 0 0 0 0 
ispass-2009-NN.5.sm_62.ptx 107 : 28392 12169501 0 0 0 1008 1008 0 0 
ispass-2009-NN.5.sm_62.ptx 196 : 28392 289710 0 0 0 0 0 0 0 
ispass-2009-NN.5.sm_62.ptx 197 : 28392 290794 0 0 0 0 0 0 0 
ispass-2009-NN.5.sm_62.ptx 198 : 28392 12210668 0 0 0 1008 1008 0 0 
ispass-2009-NN.5.sm_62.ptx 199 : 28392 10424446 0 0 0 9366 1008 0 0 
ispass-2009-NN.5.sm_62.ptx 200 : 28392 207810 0 0 0 0 0 0 0 
ispass-2009-NN.5.sm_62.ptx 201 : 28392 559882 0 0 0 0 0 0 0 
ispass-2009-NN.5.sm_62.ptx 202 : 28392 289976 0 0 0 0 0 0 0 
ispass-2009-NN.5.sm_62.ptx 203 : 28392 290830 0 0 0 0 0 0 0 
ispass-2009-NN.5.sm_62.ptx 204 : 28392 318296 0 0 0 0 0 0 0 
ispass-2009-NN.5.sm_62.ptx 205 : 28392 11737400 0 0 0 1008 1008 0 0 
ispass-2009-NN.5.sm_62.ptx 206 : 28392 10050564 0 0 0 9336 1008 0 0 
ispass-2009-NN.5.sm_62.ptx 207 : 28392 209739 0 0 0 0 0 0 0 
ispass-2009-NN.5.sm_62.ptx 208 : 28392 532839 0 0 0 0 0 0 0 
ispass-2009-NN.5.sm_62.ptx 209 : 28392 291385 0 0 0 0 0 0 0 
ispass-2009-NN.5.sm_62.ptx 210 : 28392 289915 0 0 0 0 0 0 0 
ispass-2009-NN.5.sm_62.ptx 211 : 28392 292564 0 0 0 0 0 0 0 
ispass-2009-NN.5.sm_62.ptx 212 : 28392 10322832 0 0 0 1008 1008 0 0 
ispass-2009-NN.5.sm_62.ptx 213 : 28392 9651560 0 0 0 9336 1008 0 0 
ispass-2009-NN.5.sm_62.ptx 214 : 28392 210343 0 0 0 0 0 0 0 
ispass-2009-NN.5.sm_62.ptx 215 : 28392 420794 0 0 0 0 0 0 0 
ispass-2009-NN.5.sm_62.ptx 216 : 28392 291047 0 0 0 0 0 0 0 
ispass-2009-NN.5.sm_62.ptx 217 : 28392 290902 0 0 0 0 0 0 0 
ispass-2009-NN.5.sm_62.ptx 218 : 28392 290931 0 0 0 0 0 0 0 
ispass-2009-NN.5.sm_62.ptx 219 : 28392 9723821 0 0 0 1008 1008 0 0 
ispass-2009-NN.5.sm_62.ptx 220 : 28392 9168960 0 0 0 9336 1008 0 0 
ispass-2009-NN.5.sm_62.ptx 221 : 28392 212479 0 0 0 0 0 0 0 
ispass-2009-NN.5.sm_62.ptx 222 : 28392 207003 0 0 0 0 0 0 0 
ispass-2009-NN.5.sm_62.ptx 223 : 28392 565789 0 0 0 0 0 0 0 
ispass-2009-NN.5.sm_62.ptx 224 : 28392 207065 0 0 0 0 0 0 0 
ispass-2009-NN.5.sm_62.ptx 225 : 28392 206143 0 0 0 0 0 0 0 
ispass-2009-NN.5.sm_62.ptx 226 : 28392 207541 0 0 0 0 0 0 0 
ispass-2009-NN.5.sm_62.ptx 227 : 28392 114781 0 0 0 0 0 0 862 
ispass-2009-NN.5.sm_62.ptx 231 : 18497 207920 0 0 0 0 0 0 0 
ispass-2009-NN.5.sm_62.ptx 232 : 18497 113889 0 0 0 0 0 0 0 
ispass-2009-NN.5.sm_62.ptx 233 : 18497 115743 0 0 0 0 0 0 0 
ispass-2009-NN.5.sm_62.ptx 234 : 18497 138399 0 0 0 0 0 0 0 
ispass-2009-NN.5.sm_62.ptx 235 : 18497 116116 0 0 0 0 0 0 0 
ispass-2009-NN.5.sm_62.ptx 236 : 18497 137962 0 0 0 0 0 0 0 
ispass-2009-NN.5.sm_62.ptx 237 : 18497 116392 0 0 0 0 0 0 0 
ispass-2009-NN.5.sm_62.ptx 238 : 18497 140646 0 0 0 0 0 0 0 
ispass-2009-NN.5.sm_62.ptx 239 : 18497 195098 0 0 0 0 0 0 0 
ispass-2009-NN.5.sm_62.ptx 240 : 18497 157696 0 0 0 0 0 0 0 
ispass-2009-NN.5.sm_62.ptx 241 : 18497 214202 0 0 0 0 0 0 0 
ispass-2009-NN.5.sm_62.ptx 242 : 18497 161748 0 0 0 0 0 0 0 
ispass-2009-NN.5.sm_62.ptx 243 : 18497 145526 0 0 0 0 0 0 0 
ispass-2009-NN.5.sm_62.ptx 244 : 18497 123434 0 0 0 0 0 0 0 
ispass-2009-NN.5.sm_62.ptx 228 : 9895 63675 0 0 0 0 0 0 0 
ispass-2009-NN.5.sm_62.ptx 247 : 9895 112660 0 0 0 0 0 0 0 
ispass-2009-NN.5.sm_62.ptx 248 : 9895 102509 0 0 0 0 0 0 0 
ispass-2009-NN.5.sm_62.ptx 249 : 9895 74610 0 0 0 0 0 0 0 
ispass-2009-NN.5.sm_62.ptx 250 : 9895 65478 0 0 0 0 0 0 0 
ispass-2009-NN.5.sm_62.ptx 251 : 9895 75734 0 0 0 0 0 0 0 
ispass-2009-NN.5.sm_62.ptx 252 : 9895 64405 0 0 0 0 0 0 0 
ispass-2009-NN.5.sm_62.ptx 253 : 9895 74675 0 0 0 0 0 0 0 
ispass-2009-NN.5.sm_62.ptx 254 : 9895 102116 0 0 0 0 0 0 0 
ispass-2009-NN.5.sm_62.ptx 273 : 28392 208149 0 0 0 0 0 0 0 
ispass-2009-NN.5.sm_62.ptx 255 : 9895 318237 0 0 0 0 0 0 0 
ispass-2009-NN.5.sm_62.ptx 256 : 9895 360947 0 0 0 0 0 0 0 
ispass-2009-NN.5.sm_62.ptx 274 : 28392 811054 0 0 0 0 0 0 0 
ispass-2009-NN.5.sm_62.ptx 257 : 9895 61043 0 0 0 0 0 0 0 
ispass-2009-NN.5.sm_62.ptx 258 : 9895 73103 0 0 0 0 0 0 0 
ispass-2009-NN.5.sm_62.ptx 260 : 9895 336895 0 0 0 0 0 0 0 
ispass-2009-NN.5.sm_62.ptx 262 : 9895 60725 0 0 0 0 0 0 0 
ispass-2009-NN.5.sm_62.ptx 263 : 9895 73781 0 0 0 0 0 0 0 
ispass-2009-NN.5.sm_62.ptx 264 : 9895 72077 0 0 0 0 0 0 0 
ispass-2009-NN.5.sm_62.ptx 265 : 9895 72401 0 0 0 0 0 0 0 
ispass-2009-NN.5.sm_62.ptx 266 : 9895 72866 0 0 0 0 0 0 0 
ispass-2009-NN.5.sm_62.ptx 267 : 9895 71960 0 0 0 0 0 0 0 
ispass-2009-NN.5.sm_62.ptx 268 : 9895 72003 0 0 0 0 0 0 0 
ispass-2009-NN.5.sm_62.ptx 269 : 9895 72741 0 0 0 0 0 0 0 
ispass-2009-NN.5.sm_62.ptx 270 : 9895 72395 0 0 0 0 0 0 0 
ispass-2009-NN.5.sm_62.ptx 275 : 28392 208529 0 0 0 0 0 0 0 
ispass-2009-NN.5.sm_62.ptx 276 : 28392 323688 0 0 0 0 0 0 0 
ispass-2009-NN.5.sm_62.ptx 277 : 28392 323795 0 0 0 0 0 0 0 
ispass-2009-NN.5.sm_62.ptx 278 : 28392 326778 0 0 0 0 0 0 0 
ispass-2009-NN.5.sm_62.ptx 279 : 28392 212925 0 0 0 0 0 0 0 
ispass-2009-NN.5.sm_62.ptx 280 : 28392 296319 0 0 0 0 0 0 0 
ispass-2009-NN.5.sm_62.ptx 281 : 28392 298083 0 0 0 0 0 0 0 
ispass-2009-NN.5.sm_62.ptx 282 : 28392 411230 0 0 0 4431 1008 0 0 
ispass-2009-NN.5.sm_62.ptx 283 : 28392 180533 0 0 0 0 0 0 0 
ispass-2009-NN.5.sm_62.ptx 300 : 35000 137575 0 0 0 0 0 0 0 
ispass-2009-NN.5.sm_62.ptx 301 : 35000 151475 0 0 0 0 0 0 0 
ispass-2009-NN.5.sm_62.ptx 302 : 35000 142375 0 0 0 0 0 0 0 
ispass-2009-NN.5.sm_62.ptx 303 : 35000 247600 0 0 0 0 0 0 0 
ispass-2009-NN.5.sm_62.ptx 304 : 35000 214000 0 0 0 0 0 0 0 
ispass-2009-NN.5.sm_62.ptx 305 : 35000 352600 0 0 0 0 0 0 0 
ispass-2009-NN.5.sm_62.ptx 306 : 35000 220025 0 0 0 0 0 0 0 
ispass-2009-NN.5.sm_62.ptx 307 : 35000 252350 0 0 0 0 0 0 0 
ispass-2009-NN.5.sm_62.ptx 308 : 35000 251100 0 0 0 0 0 0 0 
ispass-2009-NN.5.sm_62.ptx 309 : 35000 356350 0 0 0 0 0 0 0 
ispass-2009-NN.5.sm_62.ptx 310 : 35000 357300 0 0 0 0 0 0 0 
ispass-2009-NN.5.sm_62.ptx 311 : 35000 5313100 160 0 0 1400 1400 0 0 
ispass-2009-NN.5.sm_62.ptx 312 : 35000 355600 0 0 0 0 0 0 0 
ispass-2009-NN.5.sm_62.ptx 313 : 35000 218425 0 0 0 0 0 0 0 
ispass-2009-NN.5.sm_62.ptx 314 : 35000 393375 0 0 0 0 0 0 0 
ispass-2009-NN.5.sm_62.ptx 315 : 35000 217250 0 0 0 0 0 0 0 
ispass-2009-NN.5.sm_62.ptx 316 : 35000 392125 0 0 0 0 0 0 0 
ispass-2009-NN.5.sm_62.ptx 317 : 35000 215900 0 0 0 0 0 0 0 
ispass-2009-NN.5.sm_62.ptx 318 : 35000 216275 0 0 0 0 0 0 0 
ispass-2009-NN.5.sm_62.ptx 321 : 875000 5809825 0 0 0 0 0 0 0 
ispass-2009-NN.5.sm_62.ptx 322 : 875000 8860475 0 0 0 0 0 0 0 
ispass-2009-NN.5.sm_62.ptx 323 : 875000 8830900 0 0 0 0 0 0 0 
ispass-2009-NN.5.sm_62.ptx 324 : 875000 8890925 0 0 0 0 0 0 0 
ispass-2009-NN.5.sm_62.ptx 325 : 875000 8820600 0 0 0 0 0 0 0 
ispass-2009-NN.5.sm_62.ptx 326 : 875000 8907925 0 0 0 0 0 0 0 
ispass-2009-NN.5.sm_62.ptx 327 : 875000 139539525 0 0 0 35000 35000 0 0 
ispass-2009-NN.5.sm_62.ptx 328 : 875000 160227425 3840 0 0 350000 35000 0 0 
ispass-2009-NN.5.sm_62.ptx 329 : 875000 6363150 0 0 0 0 0 0 0 
ispass-2009-NN.5.sm_62.ptx 330 : 875000 8842700 0 0 0 0 0 0 0 
ispass-2009-NN.5.sm_62.ptx 331 : 875000 8840075 0 0 0 0 0 0 0 
ispass-2009-NN.5.sm_62.ptx 332 : 875000 8879625 0 0 0 0 0 0 0 
ispass-2009-NN.5.sm_62.ptx 333 : 875000 141111600 800 0 0 35000 35000 0 0 
ispass-2009-NN.5.sm_62.ptx 334 : 875000 159911375 5376 0 0 350000 35000 0 0 
ispass-2009-NN.5.sm_62.ptx 335 : 875000 6393275 0 0 0 0 0 0 0 
ispass-2009-NN.5.sm_62.ptx 336 : 875000 8862625 0 0 0 0 0 0 0 
ispass-2009-NN.5.sm_62.ptx 337 : 875000 8810600 0 0 0 0 0 0 0 
ispass-2009-NN.5.sm_62.ptx 338 : 875000 9728750 0 0 0 0 0 0 0 
ispass-2009-NN.5.sm_62.ptx 339 : 875000 141511725 0 0 0 35000 35000 0 0 
ispass-2009-NN.5.sm_62.ptx 340 : 875000 160819350 4032 0 0 350000 35000 0 0 
ispass-2009-NN.5.sm_62.ptx 341 : 875000 6380400 0 0 0 0 0 0 0 
ispass-2009-NN.5.sm_62.ptx 342 : 875000 8906175 0 0 0 0 0 0 0 
ispass-2009-NN.5.sm_62.ptx 343 : 875000 8856725 0 0 0 0 0 0 0 
ispass-2009-NN.5.sm_62.ptx 344 : 875000 8894725 0 0 0 0 0 0 0 
ispass-2009-NN.5.sm_62.ptx 345 : 875000 141790400 896 0 0 35000 35000 0 0 
ispass-2009-NN.5.sm_62.ptx 346 : 875000 161476200 5376 0 0 350000 35000 0 0 
ispass-2009-NN.5.sm_62.ptx 347 : 875000 6389550 0 0 0 0 0 0 0 
ispass-2009-NN.5.sm_62.ptx 348 : 875000 8831525 0 0 0 0 0 0 0 
ispass-2009-NN.5.sm_62.ptx 349 : 875000 8832700 0 0 0 0 0 0 0 
ispass-2009-NN.5.sm_62.ptx 350 : 875000 8903750 0 0 0 0 0 0 0 
ispass-2009-NN.5.sm_62.ptx 351 : 875000 141643775 0 0 0 35000 35000 0 0 
ispass-2009-NN.5.sm_62.ptx 352 : 875000 160453100 4032 0 0 350000 35000 0 0 
ispass-2009-NN.5.sm_62.ptx 353 : 875000 6380350 0 0 0 0 0 0 0 
ispass-2009-NN.5.sm_62.ptx 354 : 875000 8832150 0 0 0 0 0 0 0 
ispass-2009-NN.5.sm_62.ptx 355 : 875000 8817325 0 0 0 0 0 0 0 
ispass-2009-NN.5.sm_62.ptx 356 : 875000 8860175 0 0 0 0 0 0 0 
ispass-2009-NN.5.sm_62.ptx 357 : 875000 141739125 832 0 0 35000 35000 0 0 
ispass-2009-NN.5.sm_62.ptx 358 : 875000 161906400 5568 0 0 350000 35000 0 0 
ispass-2009-NN.5.sm_62.ptx 359 : 875000 6403375 0 0 0 0 0 0 0 
ispass-2009-NN.5.sm_62.ptx 360 : 875000 8842575 0 0 0 0 0 0 0 
ispass-2009-NN.5.sm_62.ptx 361 : 875000 8862000 0 0 0 0 0 0 0 
ispass-2009-NN.5.sm_62.ptx 362 : 875000 8861525 0 0 0 0 0 0 0 
ispass-2009-NN.5.sm_62.ptx 363 : 875000 6214800 0 0 0 0 0 0 0 
ispass-2009-NN.5.sm_62.ptx 364 : 875000 5055325 0 0 0 0 0 0 0 
ispass-2009-NN.5.sm_62.ptx 366 : 35000 249150 0 0 0 0 0 0 0 
