kernel line : count latency dram_traffic smem_bk_conflicts smem_warp gmem_access_generated gmem_warp exposed_latency warp_divergence
ispass-2009-LPS.5.sm_62.ptx 499 : 230496 2507263 0 0 0 0 0 0 0 
ispass-2009-LPS.5.sm_62.ptx 498 : 230496 2499196 0 0 0 0 0 0 0 
ispass-2009-LPS.5.sm_62.ptx 497 : 230496 7490721 0 9408 9408 0 0 0 0 
ispass-2009-LPS.5.sm_62.ptx 496 : 230496 2467592 0 0 0 0 0 0 0 
ispass-2009-LPS.5.sm_62.ptx 495 : 230496 2501293 0 0 0 0 0 0 0 
ispass-2009-LPS.5.sm_62.ptx 494 : 230496 7417395 0 9408 9408 0 0 0 0 
ispass-2009-LPS.5.sm_62.ptx 493 : 230496 2492984 0 0 0 0 0 0 0 
ispass-2009-LPS.5.sm_62.ptx 492 : 230496 2496350 0 0 0 0 0 0 0 
ispass-2009-LPS.5.sm_62.ptx 491 : 230496 7355595 0 9408 9408 0 0 0 0 
ispass-2009-LPS.5.sm_62.ptx 490 : 230496 2462402 0 0 0 0 0 0 0 
ispass-2009-LPS.5.sm_62.ptx 489 : 230496 2494610 0 0 0 0 0 0 0 
ispass-2009-LPS.5.sm_62.ptx 488 : 230496 7357050 0 9408 9408 0 0 0 0 
ispass-2009-LPS.5.sm_62.ptx 487 : 230496 2443214 0 0 0 0 0 0 0 
ispass-2009-LPS.5.sm_62.ptx 486 : 230496 2490372 0 0 0 0 0 0 0 
ispass-2009-LPS.5.sm_62.ptx 485 : 230496 7375837 0 9408 9408 0 0 0 0 
ispass-2009-LPS.5.sm_62.ptx 484 : 230496 2420190 0 0 0 0 0 0 0 
ispass-2009-LPS.5.sm_62.ptx 483 : 230496 7360413 0 9408 9408 0 0 0 0 
ispass-2009-LPS.5.sm_62.ptx 482 : 230496 2435655 0 0 0 0 0 0 0 
ispass-2009-LPS.5.sm_62.ptx 474 : 230496 1609185 0 0 0 0 0 0 0 
ispass-2009-LPS.5.sm_62.ptx 775 : 250000 2843096 0 0 0 36250 10000 0 0 
ispass-2009-LPS.5.sm_62.ptx 767 : 230496 2383761 0 0 0 0 0 0 0 
ispass-2009-LPS.5.sm_62.ptx 766 : 230496 2430761 0 0 0 0 0 0 0 
ispass-2009-LPS.5.sm_62.ptx 762 : 230496 7391116 0 9408 9408 0 0 0 0 
ispass-2009-LPS.5.sm_62.ptx 761 : 230496 2422822 0 0 0 0 0 0 0 
ispass-2009-LPS.5.sm_62.ptx 757 : 230496 2455003 0 0 0 0 0 0 0 
ispass-2009-LPS.5.sm_62.ptx 515 : 250000 8063548 0 10000 10000 0 0 0 0 
ispass-2009-LPS.5.sm_62.ptx 514 : 250000 2659328 0 0 0 0 0 0 0 
ispass-2009-LPS.5.sm_62.ptx 513 : 250000 2916184 0 0 0 0 0 0 0 
ispass-2009-LPS.5.sm_62.ptx 510 : 250000 1979112 0 0 0 0 0 0 0 
ispass-2009-LPS.5.sm_62.ptx 509 : 320000 532672 0 0 0 0 0 0 2500 
ispass-2009-LPS.5.sm_62.ptx 508 : 320000 3595456 0 0 0 0 0 0 0 
ispass-2009-LPS.5.sm_62.ptx 507 : 320000 2336704 0 0 0 0 0 0 0 
ispass-2009-LPS.5.sm_62.ptx 504 : 250000 2551060 0 0 0 36250 10000 0 0 
ispass-2009-LPS.5.sm_62.ptx 503 : 250000 2789368 0 0 0 0 0 0 0 
ispass-2009-LPS.5.sm_62.ptx 502 : 250000 2732132 0 0 0 0 0 0 0 
ispass-2009-LPS.5.sm_62.ptx 472 : 250000 2014132 0 0 0 0 0 0 0 
ispass-2009-LPS.5.sm_62.ptx 469 : 250000 1986096 0 0 0 0 0 0 0 
ispass-2009-LPS.5.sm_62.ptx 132 : 5688 985712 256 0 0 1584 292 0 0 
ispass-2009-LPS.5.sm_62.ptx 468 : 250000 1952816 0 0 0 0 0 0 0 
ispass-2009-LPS.5.sm_62.ptx 131 : 5688 59645 0 0 0 0 0 0 0 
ispass-2009-LPS.5.sm_62.ptx 457 : 142200 1467211 0 0 0 0 0 0 0 
ispass-2009-LPS.5.sm_62.ptx 120 : 10000 112824 0 0 0 0 0 0 0 
ispass-2009-LPS.5.sm_62.ptx 463 : 320000 2054176 0 0 0 0 0 0 0 
ispass-2009-LPS.5.sm_62.ptx 126 : 12800 48491 0 0 0 0 0 0 148 
ispass-2009-LPS.5.sm_62.ptx 450 : 142200 4652670 0 7300 7300 0 0 0 0 
ispass-2009-LPS.5.sm_62.ptx 113 : 12800 150176 0 0 0 0 0 0 0 
ispass-2009-LPS.5.sm_62.ptx 425 : 250000 2564704 0 0 0 0 0 0 0 
ispass-2009-LPS.5.sm_62.ptx 88 : 7600 65408 0 0 0 0 0 0 0 
ispass-2009-LPS.5.sm_62.ptx 424 : 250000 7933500 0 10000 10000 0 0 0 0 
ispass-2009-LPS.5.sm_62.ptx 87 : 7600 68232 0 0 0 0 0 0 0 
ispass-2009-LPS.5.sm_62.ptx 163 : 12800 83872 0 0 0 0 0 0 0 
ispass-2009-LPS.5.sm_62.ptx 153 : 12800 85280 0 0 0 0 0 0 0 
ispass-2009-LPS.5.sm_62.ptx 152 : 12800 97536 0 0 0 0 0 0 0 
ispass-2009-LPS.5.sm_62.ptx 151 : 12800 98880 0 0 0 0 0 0 0 
ispass-2009-LPS.5.sm_62.ptx 150 : 12800 99200 0 0 0 0 0 0 0 
ispass-2009-LPS.5.sm_62.ptx 149 : 12800 101600 0 0 0 0 0 0 0 
ispass-2009-LPS.5.sm_62.ptx 148 : 12800 102944 0 0 0 0 0 0 0 
ispass-2009-LPS.5.sm_62.ptx 147 : 12800 138688 0 0 0 0 0 0 0 
ispass-2009-LPS.5.sm_62.ptx 146 : 12800 102080 0 0 0 0 0 0 0 
ispass-2009-LPS.5.sm_62.ptx 479 : 19504 123538 0 0 0 0 0 0 0 
ispass-2009-LPS.5.sm_62.ptx 142 : 12800 101056 0 0 0 0 0 0 0 
ispass-2009-LPS.5.sm_62.ptx 145 : 12800 99520 0 0 0 0 0 0 0 
ispass-2009-LPS.5.sm_62.ptx 478 : 19504 613704 0 5296 5296 0 0 0 0 
ispass-2009-LPS.5.sm_62.ptx 141 : 12800 100032 0 0 0 0 0 0 0 
ispass-2009-LPS.5.sm_62.ptx 144 : 12800 99968 0 0 0 0 0 0 0 
ispass-2009-LPS.5.sm_62.ptx 477 : 19504 200886 0 0 0 0 0 0 0 
ispass-2009-LPS.5.sm_62.ptx 140 : 12800 137152 0 0 0 0 0 0 0 
ispass-2009-LPS.5.sm_62.ptx 143 : 12800 87200 0 0 0 0 0 0 0 
ispass-2009-LPS.5.sm_62.ptx 133 : 5688 28092 0 292 292 0 0 0 0 
ispass-2009-LPS.5.sm_62.ptx 470 : 250000 2729108 0 0 0 0 0 0 0 
ispass-2009-LPS.5.sm_62.ptx 465 : 250000 1761204 0 0 0 0 0 0 0 
ispass-2009-LPS.5.sm_62.ptx 473 : 250000 125149 0 0 0 0 0 0 4704 
ispass-2009-LPS.5.sm_62.ptx 136 : 12800 96544 0 0 0 0 0 0 0 
ispass-2009-LPS.5.sm_62.ptx 139 : 12800 99360 0 0 0 0 0 0 0 
ispass-2009-LPS.5.sm_62.ptx 471 : 250000 1997584 0 0 0 0 0 0 0 
ispass-2009-LPS.5.sm_62.ptx 137 : 12800 0 0 0 0 0 0 0 0 
ispass-2009-LPS.5.sm_62.ptx 464 : 320000 474768 0 0 0 0 0 0 2500 
ispass-2009-LPS.5.sm_62.ptx 127 : 5688 39012 0 0 0 0 0 0 0 
ispass-2009-LPS.5.sm_62.ptx 130 : 5688 60343 0 0 0 0 0 0 0 
ispass-2009-LPS.5.sm_62.ptx 460 : 142200 740716 0 7300 7300 0 0 0 0 
ispass-2009-LPS.5.sm_62.ptx 459 : 142200 27947155 134752 0 0 39600 7300 0 0 
ispass-2009-LPS.5.sm_62.ptx 125 : 12800 136992 0 0 0 0 0 0 0 
ispass-2009-LPS.5.sm_62.ptx 458 : 142200 1480216 0 0 0 0 0 0 0 
ispass-2009-LPS.5.sm_62.ptx 121 : 10000 50296 0 400 400 0 0 0 0 
ispass-2009-LPS.5.sm_62.ptx 124 : 12800 96224 0 0 0 0 0 0 0 
ispass-2009-LPS.5.sm_62.ptx 455 : 142200 0 0 0 0 0 0 0 0 
ispass-2009-LPS.5.sm_62.ptx 118 : 10000 118752 0 0 0 0 0 0 0 
ispass-2009-LPS.5.sm_62.ptx 454 : 142200 1047398 0 0 0 0 0 0 0 
ispass-2009-LPS.5.sm_62.ptx 117 : 10000 116664 0 0 0 0 0 0 0 
ispass-2009-LPS.5.sm_62.ptx 429 : 250000 2544464 0 0 0 0 0 0 0 
ispass-2009-LPS.5.sm_62.ptx 92 : 12800 94464 0 0 0 0 0 0 0 
ispass-2009-LPS.5.sm_62.ptx 95 : 12800 93376 0 0 0 0 0 0 0 
ispass-2009-LPS.5.sm_62.ptx 432 : 250000 0 0 0 0 0 0 0 0 
ispass-2009-LPS.5.sm_62.ptx 428 : 250000 1146032 0 10000 10000 0 0 0 0 
ispass-2009-LPS.5.sm_62.ptx 94 : 12800 110112 0 0 0 0 0 0 0 
ispass-2009-LPS.5.sm_62.ptx 431 : 250000 1920380 0 0 0 0 0 0 0 
ispass-2009-LPS.5.sm_62.ptx 774 : 250000 3046272 0 0 0 0 0 0 0 
ispass-2009-LPS.5.sm_62.ptx 65 : 1200 12432 0 0 0 0 0 0 0 
ispass-2009-LPS.5.sm_62.ptx 773 : 250000 2858616 0 0 0 0 0 0 0 
ispass-2009-LPS.5.sm_62.ptx 64 : 1200 13968 0 0 0 0 0 0 0 
ispass-2009-LPS.5.sm_62.ptx 63 : 1200 12096 0 0 0 0 0 0 0 
ispass-2009-LPS.5.sm_62.ptx 737 : 250000 1678820 0 0 0 0 0 0 0 
ispass-2009-LPS.5.sm_62.ptx 68 : 7600 80576 0 0 0 0 0 0 0 
ispass-2009-LPS.5.sm_62.ptx 62 : 1200 9288 0 0 0 0 0 0 0 
ispass-2009-LPS.5.sm_62.ptx 736 : 320000 471968 0 0 0 0 0 0 2500 
ispass-2009-LPS.5.sm_62.ptx 770 : 230496 2609965 0 0 0 0 0 0 0 
ispass-2009-LPS.5.sm_62.ptx 61 : 1200 9240 0 0 0 0 0 0 0 
ispass-2009-LPS.5.sm_62.ptx 735 : 320000 2062400 0 0 0 0 0 0 0 
ispass-2009-LPS.5.sm_62.ptx 427 : 250000 2549416 0 0 0 0 0 0 0 
ispass-2009-LPS.5.sm_62.ptx 93 : 12800 92928 0 0 0 0 0 0 0 
ispass-2009-LPS.5.sm_62.ptx 430 : 250000 1176060 0 10000 10000 0 0 0 0 
ispass-2009-LPS.5.sm_62.ptx 765 : 230496 7369054 0 9408 9408 0 0 0 0 
ispass-2009-LPS.5.sm_62.ptx 56 : 6400 46336 0 0 0 0 0 0 0 
ispass-2009-LPS.5.sm_62.ptx 730 : 136512 1422153 0 0 0 0 0 0 0 
ispass-2009-LPS.5.sm_62.ptx 769 : 230496 2526218 0 0 0 0 0 0 0 
ispass-2009-LPS.5.sm_62.ptx 60 : 1200 12984 0 0 0 0 0 0 0 
ispass-2009-LPS.5.sm_62.ptx 96 : 12800 95552 0 0 0 0 0 0 0 
ispass-2009-LPS.5.sm_62.ptx 768 : 230496 7396253 0 9408 9408 0 0 0 0 
ispass-2009-LPS.5.sm_62.ptx 59 : 1200 9384 0 0 0 0 0 0 0 
ispass-2009-LPS.5.sm_62.ptx 426 : 250000 7987432 0 10000 10000 0 0 0 0 
ispass-2009-LPS.5.sm_62.ptx 89 : 7600 66444 0 0 0 0 0 0 0 
ispass-2009-LPS.5.sm_62.ptx 764 : 230496 2398807 0 0 0 0 0 0 0 
ispass-2009-LPS.5.sm_62.ptx 55 : 6400 51360 0 0 0 0 0 0 0 
ispass-2009-LPS.5.sm_62.ptx 729 : 136512 1409224 0 0 0 0 0 0 0 
ispass-2009-LPS.5.sm_62.ptx 763 : 230496 2446040 0 0 0 0 0 0 0 
ispass-2009-LPS.5.sm_62.ptx 54 : 6400 76448 0 0 0 0 0 0 0 
ispass-2009-LPS.5.sm_62.ptx 760 : 230496 2455806 0 0 0 0 0 0 0 
ispass-2009-LPS.5.sm_62.ptx 51 : 1200 7200 0 0 0 0 0 0 0 
ispass-2009-LPS.5.sm_62.ptx 725 : 142200 760790 0 7300 7300 0 0 0 0 
ispass-2009-LPS.5.sm_62.ptx 759 : 230496 7362831 0 9408 9408 0 0 0 0 
ispass-2009-LPS.5.sm_62.ptx 50 : 7600 39584 0 0 0 0 0 0 0 
ispass-2009-LPS.5.sm_62.ptx 724 : 142200 760299 0 7300 7300 0 0 0 0 
ispass-2009-LPS.5.sm_62.ptx 758 : 230496 2453772 0 0 0 0 0 0 0 
ispass-2009-LPS.5.sm_62.ptx 49 : 7600 56168 0 0 0 0 0 0 0 
ispass-2009-LPS.5.sm_62.ptx 723 : 142200 4670829 0 7300 7300 0 0 0 0 
ispass-2009-LPS.5.sm_62.ptx 37 : 12800 40736 0 0 0 0 0 0 0 
ispass-2009-LPS.5.sm_62.ptx 745 : 230496 1530424 0 0 0 0 0 0 0 
ispass-2009-LPS.5.sm_62.ptx 36 : 12800 40896 0 0 0 0 0 0 0 
ispass-2009-LPS.5.sm_62.ptx 710 : 240000 1284976 0 9600 9600 0 0 0 0 
ispass-2009-LPS.5.sm_62.ptx 449 : 142200 1461305 0 0 0 0 0 0 0 
ispass-2009-LPS.5.sm_62.ptx 112 : 12800 100256 0 0 0 0 0 0 0 
ispass-2009-LPS.5.sm_62.ptx 115 : 12800 22288 0 0 0 0 0 0 100 
ispass-2009-LPS.5.sm_62.ptx 452 : 142200 866283 0 7300 7300 0 0 0 0 
ispass-2009-LPS.5.sm_62.ptx 744 : 250000 129372 0 0 0 0 0 0 4704 
ispass-2009-LPS.5.sm_62.ptx 35 : 12800 413376 0 0 0 0 0 0 0 
ispass-2009-LPS.5.sm_62.ptx 709 : 240000 2528392 0 0 0 0 0 0 0 
ispass-2009-LPS.5.sm_62.ptx 114 : 12800 116064 0 0 0 0 0 0 0 
ispass-2009-LPS.5.sm_62.ptx 451 : 142200 4691240 0 7300 7300 0 0 0 0 
ispass-2009-LPS.5.sm_62.ptx 743 : 250000 1973688 0 0 0 0 0 0 0 
ispass-2009-LPS.5.sm_62.ptx 34 : 12800 521440 0 0 0 0 0 0 0 
ispass-2009-LPS.5.sm_62.ptx 708 : 240000 68345504 827840 0 0 34800 9600 0 0 
ispass-2009-LPS.5.sm_62.ptx 778 : 320000 2536832 0 0 0 0 0 0 0 
ispass-2009-LPS.5.sm_62.ptx 69 : 7600 53080 0 0 0 0 0 0 0 
ispass-2009-LPS.5.sm_62.ptx 706 : 240000 2594360 0 0 0 0 0 0 0 
ispass-2009-LPS.5.sm_62.ptx 445 : 320000 1138283 0 0 0 0 0 0 3700 
ispass-2009-LPS.5.sm_62.ptx 108 : 12800 114144 0 0 0 0 0 0 0 
ispass-2009-LPS.5.sm_62.ptx 111 : 12800 114080 0 0 0 0 0 0 0 
ispass-2009-LPS.5.sm_62.ptx 742 : 250000 1938812 0 0 0 0 0 0 0 
ispass-2009-LPS.5.sm_62.ptx 33 : 12800 1795808 0 0 0 0 0 0 0 
ispass-2009-LPS.5.sm_62.ptx 707 : 240000 2634580 0 0 0 0 0 0 0 
ispass-2009-LPS.5.sm_62.ptx 446 : 142200 913609 0 0 0 0 0 0 0 
ispass-2009-LPS.5.sm_62.ptx 109 : 12800 115808 0 0 0 0 0 0 0 
ispass-2009-LPS.5.sm_62.ptx 38 : 12800 91936 0 0 0 0 0 0 0 
ispass-2009-LPS.5.sm_62.ptx 748 : 19504 200811 0 0 0 0 0 0 0 
ispass-2009-LPS.5.sm_62.ptx 39 : 12800 93344 0 0 0 0 0 0 0 
ispass-2009-LPS.5.sm_62.ptx 713 : 250000 1828936 0 0 0 0 0 0 0 
ispass-2009-LPS.5.sm_62.ptx 749 : 19504 618267 0 5296 5296 0 0 0 0 
ispass-2009-LPS.5.sm_62.ptx 40 : 12800 132704 0 0 0 0 0 0 0 
ispass-2009-LPS.5.sm_62.ptx 714 : 250000 1851800 0 0 0 0 0 0 0 
ispass-2009-LPS.5.sm_62.ptx 453 : 142200 950408 0 7300 7300 0 0 0 0 
ispass-2009-LPS.5.sm_62.ptx 119 : 10000 2912388 39744 0 0 1450 400 0 0 
ispass-2009-LPS.5.sm_62.ptx 750 : 19504 125270 0 0 0 0 0 0 0 
ispass-2009-LPS.5.sm_62.ptx 41 : 12800 81184 0 0 0 0 0 0 0 
ispass-2009-LPS.5.sm_62.ptx 42 : 12800 94528 0 0 0 0 0 0 0 
ispass-2009-LPS.5.sm_62.ptx 43 : 12800 79808 0 0 0 0 0 0 0 
ispass-2009-LPS.5.sm_62.ptx 717 : 320000 1172239 0 0 0 0 0 0 3700 
ispass-2009-LPS.5.sm_62.ptx 753 : 230496 2385990 0 0 0 0 0 0 0 
ispass-2009-LPS.5.sm_62.ptx 44 : 12800 133952 0 0 0 0 0 0 0 
ispass-2009-LPS.5.sm_62.ptx 718 : 142200 915347 0 0 0 0 0 0 0 
ispass-2009-LPS.5.sm_62.ptx 754 : 230496 7374251 0 9408 9408 0 0 0 0 
ispass-2009-LPS.5.sm_62.ptx 45 : 12800 79968 0 0 0 0 0 0 0 
ispass-2009-LPS.5.sm_62.ptx 755 : 230496 2364787 0 0 0 0 0 0 0 
ispass-2009-LPS.5.sm_62.ptx 46 : 12800 91808 0 0 0 0 0 0 0 
ispass-2009-LPS.5.sm_62.ptx 756 : 230496 7419642 0 9408 9408 0 0 0 0 
ispass-2009-LPS.5.sm_62.ptx 47 : 12800 32636 0 0 0 0 0 0 100 
ispass-2009-LPS.5.sm_62.ptx 721 : 142200 1469949 0 0 0 0 0 0 0 
ispass-2009-LPS.5.sm_62.ptx 97 : 12800 107680 0 0 0 0 0 0 0 
ispass-2009-LPS.5.sm_62.ptx 434 : 250000 3091252 0 0 0 0 0 0 0 
ispass-2009-LPS.5.sm_62.ptx 98 : 12800 145664 0 0 0 0 0 0 0 
ispass-2009-LPS.5.sm_62.ptx 435 : 250000 3038164 0 0 0 0 0 0 0 
ispass-2009-LPS.5.sm_62.ptx 99 : 12800 96064 0 0 0 0 0 0 0 
ispass-2009-LPS.5.sm_62.ptx 436 : 250000 73203004 865248 0 0 36250 10000 0 0 
ispass-2009-LPS.5.sm_62.ptx 100 : 12800 107360 0 0 0 0 0 0 0 
ispass-2009-LPS.5.sm_62.ptx 437 : 250000 2716808 0 0 0 0 0 0 0 
ispass-2009-LPS.5.sm_62.ptx 101 : 12800 145152 0 0 0 0 0 0 0 
ispass-2009-LPS.5.sm_62.ptx 438 : 250000 1386780 0 10000 10000 0 0 0 0 
ispass-2009-LPS.5.sm_62.ptx 102 : 12800 144448 0 0 0 0 0 0 0 
ispass-2009-LPS.5.sm_62.ptx 103 : 12800 106848 0 0 0 0 0 0 0 
ispass-2009-LPS.5.sm_62.ptx 779 : 320000 3621248 0 0 0 0 0 0 0 
ispass-2009-LPS.5.sm_62.ptx 70 : 7600 56788 0 0 0 0 0 0 0 
ispass-2009-LPS.5.sm_62.ptx 780 : 320000 3612000 0 0 0 0 0 0 0 
ispass-2009-LPS.5.sm_62.ptx 71 : 7600 87568 0 0 0 0 0 0 0 
ispass-2009-LPS.5.sm_62.ptx 781 : 320000 3726880 0 0 0 0 0 0 0 
ispass-2009-LPS.5.sm_62.ptx 72 : 7600 93420 0 0 0 0 0 0 0 
ispass-2009-LPS.5.sm_62.ptx 782 : 320000 2794080 0 0 0 0 0 0 0 
ispass-2009-LPS.5.sm_62.ptx 73 : 7600 63700 0 0 0 0 0 0 0 
ispass-2009-LPS.5.sm_62.ptx 410 : 12800 94304 0 0 0 0 0 0 0 
ispass-2009-LPS.5.sm_62.ptx 783 : 320000 2317920 0 0 0 0 0 0 0 
ispass-2009-LPS.5.sm_62.ptx 74 : 7600 65524 0 0 0 0 0 0 0 
ispass-2009-LPS.5.sm_62.ptx 411 : 12800 0 0 0 0 0 0 0 0 
ispass-2009-LPS.5.sm_62.ptx 75 : 7600 70296 0 0 0 0 0 0 0 
ispass-2009-LPS.5.sm_62.ptx 76 : 7600 94112 0 0 0 0 0 0 0 
ispass-2009-LPS.5.sm_62.ptx 413 : 12800 142848 0 0 0 0 0 0 0 
ispass-2009-LPS.5.sm_62.ptx 786 : 12800 97312 0 0 0 0 0 0 0 
ispass-2009-LPS.5.sm_62.ptx 77 : 7600 57904 0 0 0 0 0 0 0 
ispass-2009-LPS.5.sm_62.ptx 414 : 12800 108800 0 0 0 0 0 0 0 
ispass-2009-LPS.5.sm_62.ptx 78 : 7600 60656 0 0 0 0 0 0 0 
ispass-2009-LPS.5.sm_62.ptx 415 : 12800 151872 0 0 0 0 0 0 0 
ispass-2009-LPS.5.sm_62.ptx 79 : 7600 69120 0 0 0 0 0 0 0 
ispass-2009-LPS.5.sm_62.ptx 80 : 7600 91188 0 0 0 0 0 0 0 
ispass-2009-LPS.5.sm_62.ptx 81 : 7600 68840 0 0 0 0 0 0 0 
ispass-2009-LPS.5.sm_62.ptx 418 : 320000 469000 0 0 0 0 0 0 2500 
ispass-2009-LPS.5.sm_62.ptx 82 : 7600 90880 0 0 0 0 0 0 0 
ispass-2009-LPS.5.sm_62.ptx 419 : 250000 1670080 0 0 0 0 0 0 0 
ispass-2009-LPS.5.sm_62.ptx 83 : 7600 67368 0 0 0 0 0 0 0 
ispass-2009-LPS.5.sm_62.ptx 84 : 7600 68580 0 0 0 0 0 0 0 
ispass-2009-LPS.5.sm_62.ptx 85 : 7600 68428 0 0 0 0 0 0 0 
ispass-2009-LPS.5.sm_62.ptx 422 : 250000 2630284 0 0 0 0 0 0 0 
ispass-2009-LPS.5.sm_62.ptx 86 : 7600 65372 0 0 0 0 0 0 0 
ispass-2009-LPS.5.sm_62.ptx 423 : 250000 2618948 0 0 0 0 0 0 0 
ispass-2009-LPS.5.sm_62.ptx 104 : 12800 150720 0 0 0 0 0 0 0 
ispass-2009-LPS.5.sm_62.ptx 441 : 250000 1826212 0 0 0 0 0 0 0 
ispass-2009-LPS.5.sm_62.ptx 105 : 12800 115200 0 0 0 0 0 0 0 
ispass-2009-LPS.5.sm_62.ptx 442 : 250000 1832260 0 0 0 0 0 0 0 
ispass-2009-LPS.5.sm_62.ptx 106 : 12800 117312 0 0 0 0 0 0 0 
ispass-2009-LPS.5.sm_62.ptx 107 : 12800 115616 0 0 0 0 0 0 0 
ispass-2009-LPS.5.sm_62.ptx 110 : 12800 159168 0 0 0 0 0 0 0 
ispass-2009-LPS.5.sm_62.ptx 516 : 250000 2584996 0 0 0 0 0 0 0 
ispass-2009-LPS.5.sm_62.ptx 517 : 250000 8120956 0 10000 10000 0 0 0 0 
ispass-2009-LPS.5.sm_62.ptx 518 : 250000 2573052 0 0 0 0 0 0 0 
ispass-2009-LPS.5.sm_62.ptx 519 : 250000 1316008 0 10000 10000 0 0 0 0 
ispass-2009-LPS.5.sm_62.ptx 520 : 250000 2582544 0 0 0 0 0 0 0 
ispass-2009-LPS.5.sm_62.ptx 521 : 250000 1351152 0 10000 10000 0 0 0 0 
ispass-2009-LPS.5.sm_62.ptx 522 : 250000 1953952 0 0 0 0 0 0 0 
ispass-2009-LPS.5.sm_62.ptx 523 : 250000 0 0 0 0 0 0 0 0 
ispass-2009-LPS.5.sm_62.ptx 525 : 250000 2801188 0 0 0 0 0 0 0 
ispass-2009-LPS.5.sm_62.ptx 526 : 250000 2859052 0 0 0 0 0 0 0 
ispass-2009-LPS.5.sm_62.ptx 527 : 250000 71771204 869664 0 0 36250 10000 0 0 
ispass-2009-LPS.5.sm_62.ptx 528 : 250000 2664872 0 0 0 0 0 0 0 
ispass-2009-LPS.5.sm_62.ptx 529 : 250000 1376056 0 10000 10000 0 0 0 0 
ispass-2009-LPS.5.sm_62.ptx 532 : 250000 1831696 0 0 0 0 0 0 0 
ispass-2009-LPS.5.sm_62.ptx 533 : 250000 1858612 0 0 0 0 0 0 0 
ispass-2009-LPS.5.sm_62.ptx 536 : 320000 1173289 0 0 0 0 0 0 3700 
ispass-2009-LPS.5.sm_62.ptx 537 : 142200 913193 0 0 0 0 0 0 0 
ispass-2009-LPS.5.sm_62.ptx 540 : 142200 1478331 0 0 0 0 0 0 0 
ispass-2009-LPS.5.sm_62.ptx 541 : 142200 4664104 0 7300 7300 0 0 0 0 
ispass-2009-LPS.5.sm_62.ptx 542 : 142200 4704110 0 7300 7300 0 0 0 0 
ispass-2009-LPS.5.sm_62.ptx 554 : 320000 2070688 0 0 0 0 0 0 0 
ispass-2009-LPS.5.sm_62.ptx 543 : 142200 942178 0 7300 7300 0 0 0 0 
ispass-2009-LPS.5.sm_62.ptx 544 : 142200 893774 0 7300 7300 0 0 0 0 
ispass-2009-LPS.5.sm_62.ptx 545 : 142200 1047565 0 0 0 0 0 0 0 
ispass-2009-LPS.5.sm_62.ptx 546 : 142200 0 0 0 0 0 0 0 0 
ispass-2009-LPS.5.sm_62.ptx 548 : 142200 1454017 0 0 0 0 0 0 0 
ispass-2009-LPS.5.sm_62.ptx 549 : 142200 1482706 0 0 0 0 0 0 0 
ispass-2009-LPS.5.sm_62.ptx 550 : 142200 27819534 130336 0 0 39600 7300 0 0 
ispass-2009-LPS.5.sm_62.ptx 551 : 142200 742131 0 7300 7300 0 0 0 0 
ispass-2009-LPS.5.sm_62.ptx 555 : 320000 471352 0 0 0 0 0 0 2500 
ispass-2009-LPS.5.sm_62.ptx 556 : 250000 1711848 0 0 0 0 0 0 0 
ispass-2009-LPS.5.sm_62.ptx 559 : 250000 1925328 0 0 0 0 0 0 0 
ispass-2009-LPS.5.sm_62.ptx 560 : 250000 2202740 0 0 0 0 0 0 0 
ispass-2009-LPS.5.sm_62.ptx 561 : 250000 2775960 0 0 0 0 0 0 0 
ispass-2009-LPS.5.sm_62.ptx 562 : 250000 2005204 0 0 0 0 0 0 0 
ispass-2009-LPS.5.sm_62.ptx 563 : 250000 2002288 0 0 0 0 0 0 0 
ispass-2009-LPS.5.sm_62.ptx 564 : 250000 65899 0 0 0 0 0 0 4900 
ispass-2009-LPS.5.sm_62.ptx 565 : 240100 1659913 0 0 0 0 0 0 0 
ispass-2009-LPS.5.sm_62.ptx 568 : 9900 103664 0 0 0 0 0 0 0 
ispass-2009-LPS.5.sm_62.ptx 569 : 9900 319610 0 5100 5100 0 0 0 0 
ispass-2009-LPS.5.sm_62.ptx 570 : 9900 64712 0 0 0 0 0 0 0 
ispass-2009-LPS.5.sm_62.ptx 573 : 240100 2505557 0 0 0 0 0 0 0 
ispass-2009-LPS.5.sm_62.ptx 574 : 240100 7686492 0 9800 9800 0 0 0 0 
ispass-2009-LPS.5.sm_62.ptx 575 : 240100 2488581 0 0 0 0 0 0 0 
ispass-2009-LPS.5.sm_62.ptx 576 : 240100 7700714 0 9800 9800 0 0 0 0 
ispass-2009-LPS.5.sm_62.ptx 577 : 240100 2588939 0 0 0 0 0 0 0 
ispass-2009-LPS.5.sm_62.ptx 578 : 240100 2545217 0 0 0 0 0 0 0 
ispass-2009-LPS.5.sm_62.ptx 579 : 240100 7731747 0 9800 9800 0 0 0 0 
ispass-2009-LPS.5.sm_62.ptx 593 : 250000 2760696 0 0 0 0 0 0 0 
ispass-2009-LPS.5.sm_62.ptx 594 : 250000 2788004 0 0 0 0 0 0 0 
ispass-2009-LPS.5.sm_62.ptx 580 : 240100 2583350 0 0 0 0 0 0 0 
ispass-2009-LPS.5.sm_62.ptx 581 : 240100 2556909 0 0 0 0 0 0 0 
ispass-2009-LPS.5.sm_62.ptx 595 : 250000 2705412 0 0 0 36250 10000 0 0 
ispass-2009-LPS.5.sm_62.ptx 598 : 320000 2321792 0 0 0 0 0 0 0 
ispass-2009-LPS.5.sm_62.ptx 582 : 240100 7744426 0 9800 9800 0 0 0 0 
ispass-2009-LPS.5.sm_62.ptx 583 : 240100 2572242 0 0 0 0 0 0 0 
ispass-2009-LPS.5.sm_62.ptx 584 : 240100 2531567 0 0 0 0 0 0 0 
ispass-2009-LPS.5.sm_62.ptx 585 : 240100 7751055 0 9800 9800 0 0 0 0 
ispass-2009-LPS.5.sm_62.ptx 586 : 240100 2585619 0 0 0 0 0 0 0 
ispass-2009-LPS.5.sm_62.ptx 587 : 240100 2539686 0 0 0 0 0 0 0 
ispass-2009-LPS.5.sm_62.ptx 588 : 240100 7801324 0 9800 9800 0 0 0 0 
ispass-2009-LPS.5.sm_62.ptx 589 : 240100 2629110 0 0 0 0 0 0 0 
ispass-2009-LPS.5.sm_62.ptx 590 : 240100 2648912 0 0 0 0 0 0 0 
ispass-2009-LPS.5.sm_62.ptx 599 : 320000 3560352 0 0 0 0 0 0 0 
ispass-2009-LPS.5.sm_62.ptx 600 : 320000 511140 0 0 0 0 0 0 2500 
ispass-2009-LPS.5.sm_62.ptx 601 : 250000 2040300 0 0 0 0 0 0 0 
ispass-2009-LPS.5.sm_62.ptx 604 : 250000 3012628 0 0 0 0 0 0 0 
ispass-2009-LPS.5.sm_62.ptx 605 : 250000 2864096 0 0 0 0 0 0 0 
ispass-2009-LPS.5.sm_62.ptx 606 : 250000 8062116 0 10000 10000 0 0 0 0 
ispass-2009-LPS.5.sm_62.ptx 607 : 250000 2621456 0 0 0 0 0 0 0 
ispass-2009-LPS.5.sm_62.ptx 608 : 250000 8139872 0 10000 10000 0 0 0 0 
ispass-2009-LPS.5.sm_62.ptx 609 : 250000 2586804 0 0 0 0 0 0 0 
ispass-2009-LPS.5.sm_62.ptx 610 : 250000 1353452 0 10000 10000 0 0 0 0 
ispass-2009-LPS.5.sm_62.ptx 611 : 250000 2596180 0 0 0 0 0 0 0 
ispass-2009-LPS.5.sm_62.ptx 612 : 250000 1379712 0 10000 10000 0 0 0 0 
ispass-2009-LPS.5.sm_62.ptx 613 : 250000 1982440 0 0 0 0 0 0 0 
ispass-2009-LPS.5.sm_62.ptx 614 : 250000 0 0 0 0 0 0 0 0 
ispass-2009-LPS.5.sm_62.ptx 616 : 250000 2730968 0 0 0 0 0 0 0 
ispass-2009-LPS.5.sm_62.ptx 617 : 250000 2767816 0 0 0 0 0 0 0 
ispass-2009-LPS.5.sm_62.ptx 618 : 250000 71616532 864288 0 0 36250 10000 0 0 
ispass-2009-LPS.5.sm_62.ptx 619 : 250000 2653452 0 0 0 0 0 0 0 
ispass-2009-LPS.5.sm_62.ptx 620 : 250000 1350428 0 10000 10000 0 0 0 0 
ispass-2009-LPS.5.sm_62.ptx 623 : 250000 1848072 0 0 0 0 0 0 0 
ispass-2009-LPS.5.sm_62.ptx 624 : 250000 1855760 0 0 0 0 0 0 0 
ispass-2009-LPS.5.sm_62.ptx 627 : 320000 1175544 0 0 0 0 0 0 3700 
ispass-2009-LPS.5.sm_62.ptx 628 : 142200 913283 0 0 0 0 0 0 0 
ispass-2009-LPS.5.sm_62.ptx 631 : 142200 1478964 0 0 0 0 0 0 0 
ispass-2009-LPS.5.sm_62.ptx 632 : 142200 4644803 0 7300 7300 0 0 0 0 
ispass-2009-LPS.5.sm_62.ptx 633 : 142200 4682264 0 7300 7300 0 0 0 0 
ispass-2009-LPS.5.sm_62.ptx 634 : 142200 795155 0 7300 7300 0 0 0 0 
ispass-2009-LPS.5.sm_62.ptx 635 : 142200 799038 0 7300 7300 0 0 0 0 
ispass-2009-LPS.5.sm_62.ptx 636 : 142200 1047834 0 0 0 0 0 0 0 
ispass-2009-LPS.5.sm_62.ptx 637 : 142200 0 0 0 0 0 0 0 0 
ispass-2009-LPS.5.sm_62.ptx 639 : 142200 1454112 0 0 0 0 0 0 0 
ispass-2009-LPS.5.sm_62.ptx 640 : 142200 1472169 0 0 0 0 0 0 0 
ispass-2009-LPS.5.sm_62.ptx 645 : 320000 2041536 0 0 0 0 0 0 0 
ispass-2009-LPS.5.sm_62.ptx 641 : 142200 28177166 135712 0 0 39600 7300 0 0 
ispass-2009-LPS.5.sm_62.ptx 642 : 142200 734081 0 7300 7300 0 0 0 0 
ispass-2009-LPS.5.sm_62.ptx 646 : 320000 469056 0 0 0 0 0 0 2500 
ispass-2009-LPS.5.sm_62.ptx 647 : 250000 1672012 0 0 0 0 0 0 0 
ispass-2009-LPS.5.sm_62.ptx 650 : 250000 1907928 0 0 0 0 0 0 0 
ispass-2009-LPS.5.sm_62.ptx 651 : 250000 1942576 0 0 0 0 0 0 0 
ispass-2009-LPS.5.sm_62.ptx 652 : 250000 1947008 0 0 0 0 0 0 0 
ispass-2009-LPS.5.sm_62.ptx 653 : 250000 1989644 0 0 0 0 0 0 0 
ispass-2009-LPS.5.sm_62.ptx 654 : 250000 65939 0 0 0 0 0 0 4900 
ispass-2009-LPS.5.sm_62.ptx 655 : 240100 1600933 0 0 0 0 0 0 0 
ispass-2009-LPS.5.sm_62.ptx 658 : 9900 102036 0 0 0 0 0 0 0 
ispass-2009-LPS.5.sm_62.ptx 663 : 240100 2482156 0 0 0 0 0 0 0 
ispass-2009-LPS.5.sm_62.ptx 659 : 9900 317920 0 5100 5100 0 0 0 0 
ispass-2009-LPS.5.sm_62.ptx 664 : 240100 7675923 0 9800 9800 0 0 0 0 
ispass-2009-LPS.5.sm_62.ptx 660 : 9900 63756 0 0 0 0 0 0 0 
ispass-2009-LPS.5.sm_62.ptx 665 : 240100 2461351 0 0 0 0 0 0 0 
ispass-2009-LPS.5.sm_62.ptx 666 : 240100 7721774 0 9800 9800 0 0 0 0 
ispass-2009-LPS.5.sm_62.ptx 683 : 250000 2763268 0 0 0 0 0 0 0 
ispass-2009-LPS.5.sm_62.ptx 667 : 240100 2597104 0 0 0 0 0 0 0 
ispass-2009-LPS.5.sm_62.ptx 668 : 240100 2554831 0 0 0 0 0 0 0 
ispass-2009-LPS.5.sm_62.ptx 684 : 250000 2879740 0 0 0 0 0 0 0 
ispass-2009-LPS.5.sm_62.ptx 669 : 240100 7701681 0 9800 9800 0 0 0 0 
ispass-2009-LPS.5.sm_62.ptx 685 : 250000 2956900 0 0 0 36250 10000 0 0 
ispass-2009-LPS.5.sm_62.ptx 688 : 320000 2461696 0 0 0 0 0 0 0 
ispass-2009-LPS.5.sm_62.ptx 670 : 240100 2562377 0 0 0 0 0 0 0 
ispass-2009-LPS.5.sm_62.ptx 671 : 240100 2539364 0 0 0 0 0 0 0 
ispass-2009-LPS.5.sm_62.ptx 672 : 240100 7677026 0 9800 9800 0 0 0 0 
ispass-2009-LPS.5.sm_62.ptx 673 : 240100 2551708 0 0 0 0 0 0 0 
ispass-2009-LPS.5.sm_62.ptx 674 : 240100 2508625 0 0 0 0 0 0 0 
ispass-2009-LPS.5.sm_62.ptx 675 : 240100 7682290 0 9800 9800 0 0 0 0 
ispass-2009-LPS.5.sm_62.ptx 676 : 240100 2544304 0 0 0 0 0 0 0 
ispass-2009-LPS.5.sm_62.ptx 677 : 240100 2502229 0 0 0 0 0 0 0 
ispass-2009-LPS.5.sm_62.ptx 678 : 240100 7711658 0 9800 9800 0 0 0 0 
ispass-2009-LPS.5.sm_62.ptx 679 : 240100 2552826 0 0 0 0 0 0 0 
ispass-2009-LPS.5.sm_62.ptx 680 : 240100 2537758 0 0 0 0 0 0 0 
ispass-2009-LPS.5.sm_62.ptx 689 : 320000 3645376 0 0 0 0 0 0 0 
ispass-2009-LPS.5.sm_62.ptx 690 : 320000 555324 0 0 0 0 0 0 2500 
ispass-2009-LPS.5.sm_62.ptx 691 : 250000 1993580 0 0 0 0 0 0 0 
ispass-2009-LPS.5.sm_62.ptx 694 : 250000 2929052 0 0 0 0 0 0 0 
ispass-2009-LPS.5.sm_62.ptx 695 : 250000 2848356 0 0 0 0 0 0 0 
ispass-2009-LPS.5.sm_62.ptx 696 : 250000 8187980 0 10000 10000 0 0 0 0 
ispass-2009-LPS.5.sm_62.ptx 697 : 250000 2684784 0 0 0 0 0 0 0 
ispass-2009-LPS.5.sm_62.ptx 698 : 250000 8147212 0 10000 10000 0 0 0 0 
ispass-2009-LPS.5.sm_62.ptx 699 : 250000 2624912 0 0 0 0 0 0 0 
ispass-2009-LPS.5.sm_62.ptx 700 : 250000 1345344 0 10000 10000 0 0 0 0 
ispass-2009-LPS.5.sm_62.ptx 701 : 250000 2607424 0 0 0 0 0 0 0 
ispass-2009-LPS.5.sm_62.ptx 702 : 250000 1359992 0 10000 10000 0 0 0 0 
ispass-2009-LPS.5.sm_62.ptx 703 : 250000 1937784 0 0 0 0 0 0 0 
ispass-2009-LPS.5.sm_62.ptx 704 : 250000 67776 0 0 0 0 0 0 0 
ispass-2009-LPS.5.sm_62.ptx 722 : 142200 4636080 0 7300 7300 0 0 0 0 
ispass-2009-LPS.5.sm_62.ptx 726 : 142200 1045959 0 0 0 0 0 0 0 
ispass-2009-LPS.5.sm_62.ptx 727 : 142200 36015 0 0 0 0 0 0 0 
ispass-2009-LPS.5.sm_62.ptx 731 : 136512 27088064 132160 0 0 38016 7008 0 0 
ispass-2009-LPS.5.sm_62.ptx 732 : 136512 700937 0 7008 7008 0 0 0 0 
ispass-2009-LPS.5.sm_62.ptx 740 : 250000 1911072 0 0 0 0 0 0 0 
ispass-2009-LPS.5.sm_62.ptx 32 : 12800 1800160 0 0 0 0 0 0 0 
ispass-2009-LPS.5.sm_62.ptx 741 : 250000 1939624 0 0 0 0 0 0 0 
